7.011631727218627930e-01,2.454939782619476318e-01,-6.728118062019348145e-01,6.672864556312561035e-01
-9.034205079078674316e-01,1.630546450614929199e+00,-1.110576391220092773e+00,2.410233974456787109e+00
-1.836298406124114990e-01,-1.334941744804382324e+00,7.969816923141479492e-01,7.842743992805480957e-01
-6.715365648269653320e-01,-7.829859852790832520e-02,-8.676599860191345215e-01,7.917708754539489746e-01
-4.487241208553314209e-01,-1.430124878883361816e+00,1.294012546539306641e+00,-4.804878234863281250e-01
-2.031640410423278809e-01,8.062323927879333496e-01,-9.870588779449462891e-01,-5.316298604011535645e-01
6.114908456802368164e-01,-1.625699758529663086e+00,2.879477739334106445e-01,2.536589860916137695e+00
1.337599605321884155e-01,-4.261179566383361816e-01,2.004364728927612305e-01,1.179788351058959961e+00
-1.750922799110412598e+00,-1.492656767368316650e-01,3.531227111816406250e-01,1.129118323326110840e+00
1.270269513130187988e+00,-2.822819232940673828e+00,2.275337457656860352e+00,1.801086902618408203e+00
-8.096258342266082764e-02,5.461082458496093750e-01,-2.651354074478149414e+00,6.167340278625488281e-01
1.262463092803955078e+00,-8.546299338340759277e-01,2.417771339416503906e+00,4.295098185539245605e-01
5.750910639762878418e-01,8.861162513494491577e-02,-6.138619184494018555e-01,7.792341113090515137e-01
2.559620141983032227e-01,7.037106156349182129e-01,-1.603955149650573730e+00,-6.822434067726135254e-01
-4.820665419101715088e-01,-9.947714209556579590e-01,7.382696121931076050e-02,3.119249343872070312e+00
-1.721462160348892212e-01,-2.715323865413665771e-01,-1.236956715583801270e+00,-4.798473417758941650e-01
1.715972423553466797e-01,-1.348340868949890137e+00,-2.577925920486450195e-01,1.340341091156005859e+00
-1.109386682510375977e+00,6.712613254785537720e-02,1.019488811492919922e+00,-1.167183279991149902e+00
-1.690062880516052246e+00,-1.013047918677330017e-01,-9.782509207725524902e-01,-1.205335736274719238e+00
-5.673369765281677246e-01,-9.574538469314575195e-01,-6.254729628562927246e-01,-1.409614205360412598e+00
7.254826426506042480e-01,9.668236970901489258e-01,2.757776677608489990e-01,3.318623304367065430e-01
1.229076534509658813e-01,-1.605831742286682129e+00,9.547632336616516113e-01,-1.686446666717529297e-01
1.774406313896179199e+00,-1.630215764045715332e+00,1.608474493026733398e+00,7.702501416206359863e-01
-4.712530076503753662e-01,-2.890427708625793457e-01,-1.772264003753662109e+00,1.363027542829513550e-01
-7.414690256118774414e-01,-1.851995587348937988e+00,-6.822267770767211914e-01,5.676575303077697754e-01
2.674520015716552734e-01,1.256951332092285156e+00,2.506450712680816650e-01,9.181331396102905273e-01
6.958709955215454102e-01,1.086837410926818848e+00,-1.944167613983154297e+00,9.168577790260314941e-01
-1.408009409904479980e+00,8.074454665184020996e-01,4.263230562210083008e-01,1.117696166038513184e+00
-5.591250658035278320e-01,5.342876072973012924e-03,-9.181056618690490723e-01,-5.626833438873291016e-01
-9.806642532348632812e-01,-4.986225962638854980e-01,9.878830611705780029e-02,2.922464132308959961e+00
-6.798159331083297729e-02,6.959096193313598633e-01,-2.487829685211181641e+00,-2.007199823856353760e-01
-9.147182703018188477e-01,-2.621669769287109375e-01,1.478499889373779297e+00,1.481045484542846680e+00
-1.685057729482650757e-01,2.734202742576599121e-01,-2.141780138015747070e+00,6.371177434921264648e-01
-7.725414633750915527e-02,-3.163722753524780273e-01,-1.476496338844299316e+00,-1.073899507522583008e+00
1.156007528305053711e+00,2.356902509927749634e-01,-1.563937187194824219e+00,6.800675392150878906e-01
-6.638220548629760742e-01,-7.345585227012634277e-01,-4.963997602462768555e-01,2.062238454818725586e+00
8.115822076797485352e-01,1.068670392036437988e+00,-1.143611788749694824e+00,1.341452240943908691e+00
-9.242704510688781738e-02,-1.445256114006042480e+00,-6.250321865081787109e-01,-9.173674583435058594e-01
-3.860357999801635742e-01,-3.050503507256507874e-02,-2.385684967041015625e+00,-2.879432141780853271e-01
-1.457572937011718750e+00,-3.745346367359161377e-01,1.866240382194519043e+00,2.844705879688262939e-01
8.816969394683837891e-01,8.207947611808776855e-01,4.325384497642517090e-01,2.287825822830200195e+00
-2.145021438598632812e+00,-1.591214299201965332e+00,4.733555018901824951e-01,2.517829418182373047e+00
6.332201510667800903e-02,-1.203031837940216064e-01,-1.113615512847900391e+00,7.338523268699645996e-01
-1.059292793273925781e+00,1.515662074089050293e+00,-5.251620411872863770e-01,2.345434665679931641e+00
2.627272129058837891e+00,1.169058084487915039e+00,3.487684011459350586e+00,3.164765357971191406e+00
-1.615494847297668457e+00,-1.511156320571899414e+00,1.007571339607238770e+00,-1.878291219472885132e-01
-7.823058962821960449e-01,1.611619740724563599e-01,1.361630111932754517e-01,1.660427212715148926e+00
-7.970507442951202393e-02,-6.215965151786804199e-01,-1.767003893852233887e+00,1.520665645599365234e+00
-2.343550920486450195e+00,-8.447300791740417480e-01,1.010378956794738770e+00,2.076033502817153931e-01
6.489128470420837402e-01,2.905279695987701416e-01,8.266649246215820312e-01,1.406939029693603516e+00
-4.859785437583923340e-01,1.142049789428710938e+00,-1.051262840628623962e-01,4.328903555870056152e-01
3.067597001791000366e-02,8.195973038673400879e-01,-9.720005989074707031e-01,-1.554940268397331238e-02
3.448777496814727783e-01,-2.022604644298553467e-01,-2.257445812225341797e+00,-4.540823996067047119e-01
-2.209359258413314819e-01,-2.323874272406101227e-02,-1.573467135429382324e+00,9.237717390060424805e-01
-3.336338102817535400e-01,-3.695979416370391846e-01,3.303356170654296875e-01,-5.853769779205322266e-01
8.253485560417175293e-01,-1.368873476982116699e+00,1.711172819137573242e+00,8.550864644348621368e-03
1.037548542022705078e+00,-1.731650590896606445e+00,4.410199642181396484e+00,2.115655899047851562e+00
4.936745166778564453e-01,-1.930606007575988770e+00,6.832872629165649414e-01,2.317528963088989258e+00
9.926368594169616699e-01,-2.183097898960113525e-01,5.007743239402770996e-01,1.377612471580505371e+00
-2.708186507225036621e-01,8.898426294326782227e-01,6.821150779724121094e-01,1.863068103790283203e+00
-7.202425003051757812e-01,-1.251875519752502441e+00,1.213955163955688477e+00,9.061879515647888184e-01
-4.545980095863342285e-01,-1.170883417129516602e+00,7.045239806175231934e-01,-1.677152216434478760e-01
-1.473525047302246094e+00,-1.429572254419326782e-01,1.417094230651855469e+00,2.640490531921386719e+00
-4.469525218009948730e-01,1.588886231184005737e-01,-8.940343856811523438e-01,-8.989403024315834045e-03
1.113868713378906250e+00,4.142600595951080322e-01,1.720178842544555664e+00,2.833449840545654297e+00
-1.675841212272644043e-01,-1.421532630920410156e+00,4.814658463001251221e-01,2.263367414474487305e+00
-1.168442010879516602e+00,-2.922771275043487549e-01,1.219875931739807129e+00,-1.341012954711914062e+00
-7.244030237197875977e-01,-1.681756138801574707e+00,1.263448953628540039e+00,-5.080316662788391113e-01
8.333076834678649902e-01,-2.997460961341857910e-02,-7.970935106277465820e-02,5.583466291427612305e-01
1.087136983871459961e+00,3.968077600002288818e-01,2.879352569580078125e-01,2.090174436569213867e+00
-2.982042431831359863e-01,1.216251701116561890e-01,-5.758659243583679199e-01,4.289779365062713623e-01
1.685740113258361816e+00,1.591776460409164429e-01,1.278143644332885742e+00,2.299421787261962891e+00
-1.336823701858520508e-01,1.220075011253356934e+00,-8.685053586959838867e-01,4.797032475471496582e-01
1.566691100597381592e-01,-4.552390873432159424e-01,-2.333279371261596680e+00,2.657879590988159180e+00
1.067787528038024902e+00,-8.078851550817489624e-02,1.206534385681152344e+00,-1.444417953491210938e+00
-2.032721996307373047e+00,-8.100374937057495117e-01,8.549955487251281738e-01,9.575725197792053223e-01
2.709811329841613770e-01,7.995108366012573242e-01,-2.534213066101074219e+00,2.833009660243988037e-01
8.763947486877441406e-01,1.397070288658142090e+00,-5.167825818061828613e-01,2.110030651092529297e+00
1.090298771858215332e+00,5.943534970283508301e-01,1.924214363098144531e+00,8.155216574668884277e-01
-6.455435603857040405e-02,8.472286462783813477e-01,-1.859158396720886230e+00,9.821161031723022461e-01
1.045650616288185120e-01,1.421720027923583984e+00,-5.128282904624938965e-01,1.127399206161499023e+00
-1.786212921142578125e+00,-4.623226523399353027e-01,1.711934924125671387e+00,-3.940124213695526123e-01
1.291782855987548828e+00,6.570937633514404297e-01,-1.520413637161254883e+00,1.297167181968688965e+00
1.309516727924346924e-01,-1.400594115257263184e+00,-6.506399810314178467e-02,2.911399304866790771e-01
-9.253791719675064087e-02,9.441096186637878418e-01,-1.890488147735595703e+00,7.907789349555969238e-01
3.528060913085937500e-01,3.441122174263000488e-01,7.580139487981796265e-02,1.544231176376342773e-01
2.106476545333862305e+00,1.681440949440002441e+00,1.244101047515869141e+00,1.245573878288269043e+00
2.094636678695678711e+00,1.804756999015808105e+00,1.165621280670166016e+00,3.450102329254150391e+00
4.014758467674255371e-01,-1.913602799177169800e-01,-1.808935523033142090e+00,2.216947317123413086e+00
-5.083536505699157715e-01,1.406243920326232910e+00,-1.206633374094963074e-01,2.244160175323486328e+00
-9.813337922096252441e-01,5.248756408691406250e-01,1.628066897392272949e-01,2.171095609664916992e+00
-7.168509364128112793e-01,3.442383110523223877e-01,-1.202519237995147705e-01,1.054849863052368164e+00
-1.385410904884338379e+00,-7.957619428634643555e-01,-9.927745908498764038e-02,2.109267234802246094e+00
2.616847157478332520e-01,-1.014075636863708496e+00,-4.683670699596405029e-01,6.354915499687194824e-01
7.060574889183044434e-01,-4.134370684623718262e-01,1.627596735954284668e+00,5.819940567016601562e-01
4.830764532089233398e-01,7.055660337209701538e-02,-3.008203804492950439e-01,4.266506731510162354e-01
-9.786455035209655762e-01,2.530238628387451172e-01,6.438260525465011597e-02,5.798856019973754883e-01
1.214107394218444824e+00,4.018456637859344482e-01,1.333884239196777344e+00,1.211775064468383789e+00
-6.585429310798645020e-01,5.184011459350585938e-01,-1.079023599624633789e+00,5.761700868606567383e-01
2.012183904647827148e+00,1.584082990884780884e-01,3.885742425918579102e-01,1.172522455453872681e-01
4.019007086753845215e-01,3.986480534076690674e-01,-2.213888645172119141e+00,-2.927615046501159668e-01
-2.735079050064086914e+00,3.593308329582214355e-01,-2.371776580810546875e+00,-2.594337165355682373e-01
-9.546110630035400391e-01,-2.371134608983993530e-01,1.215804070234298706e-01,1.785604059696197510e-01
-5.013227462768554688e-01,1.711305856704711914e+00,-3.125253200531005859e+00,3.616985797882080078e+00
-1.643211603164672852e+00,1.317917585372924805e+00,2.699051517993211746e-03,-1.441224217414855957e-01
7.614767551422119141e-01,-4.514210820198059082e-01,1.693931460380554199e+00,1.944793462753295898e+00
1.741548478603363037e-01,-3.507324755191802979e-01,-4.983821809291839600e-01,-1.689426898956298828e+00
-7.849366068840026855e-01,7.537160515785217285e-01,1.889040470123291016e-01,1.327489376068115234e+00
1.095994949340820312e+00,-2.604744732379913330e-01,5.153586864471435547e-01,1.141384363174438477e+00
-2.375708967447280884e-01,-1.040885210037231445e+00,6.196197122335433960e-03,8.477430343627929688e-01
-5.987187623977661133e-01,-5.153899639844894409e-02,-7.299448847770690918e-01,-6.457106769084930420e-02
-2.126607418060302734e+00,6.293483972549438477e-01,1.735407710075378418e+00,1.197042226791381836e+00
4.443952813744544983e-02,1.304473280906677246e+00,-2.198784589767456055e+00,1.098963245749473572e-01
5.482898950576782227e-01,-1.077861547470092773e+00,3.620169162750244141e-01,4.314810752868652344e+00
-1.668296813964843750e+00,1.603577017784118652e+00,8.152480125427246094e-01,2.553337335586547852e+00
-1.036736369132995605e+00,1.002828478813171387e+00,1.563759803771972656e+00,1.222297310829162598e+00
-3.077299296855926514e-01,-1.968221962451934814e-01,1.365967869758605957e+00,-1.575400710105895996e+00
-4.980959892272949219e-01,-6.594840288162231445e-01,-2.385369062423706055e+00,-1.269300341606140137e+00
8.242365121841430664e-01,-3.489743545651435852e-02,2.586552202701568604e-01,2.089899301528930664e+00
3.168674409389495850e-01,5.126861929893493652e-01,1.956412494182586670e-01,-5.373320579528808594e-01
8.546427488327026367e-01,1.373327255249023438e+00,-3.433052897453308105e-01,-1.126312687993049622e-01
-1.021787047386169434e+00,-1.504555940628051758e-01,-3.708508610725402832e-01,1.253356695175170898e+00
1.441762875765562057e-02,-1.853948831558227539e+00,-1.450117230415344238e+00,-2.082013934850692749e-01
1.073907971382141113e+00,7.679725438356399536e-02,1.630381226539611816e+00,1.235419362783432007e-01
4.316948950290679932e-01,-3.814342021942138672e-01,-1.873237133026123047e+00,-3.253955543041229248e-01
-8.167710304260253906e-01,-1.494039177894592285e+00,5.987998098134994507e-02,7.599788308143615723e-01
-6.190201640129089355e-01,2.257325410842895508e+00,-1.102492451667785645e+00,3.250341653823852539e+00
5.901439189910888672e-01,1.249220132827758789e+00,-7.777098417282104492e-01,1.651447772979736328e+00
4.118451178073883057e-01,2.409151047468185425e-01,-5.516796112060546875e-01,-1.982289195060729980e+00
5.925826430320739746e-01,4.786104559898376465e-01,-1.797670602798461914e+00,-5.317954421043395996e-01
-8.793168067932128906e-01,-1.277984976768493652e+00,-1.121075272560119629e+00,1.336683869361877441e+00
-1.054831445217132568e-01,3.722744286060333252e-01,-5.954406857490539551e-01,5.037556290626525879e-01
1.026926517486572266e+00,5.483484268188476562e-01,-1.416388452053070068e-01,1.957922697067260742e+00
-2.728138923645019531e+00,-1.241172075271606445e+00,1.731299519538879395e+00,-1.281176686286926270e+00
-4.716229140758514404e-01,4.228687584400177002e-01,-1.781453013420104980e+00,1.577305942773818970e-01
5.105585455894470215e-01,2.313338756561279297e+00,1.764187574386596680e+00,1.779804825782775879e+00
5.784856677055358887e-01,3.220214545726776123e-01,-6.844961643218994141e-01,-9.723049998283386230e-01
1.061480641365051270e+00,8.874232172966003418e-01,1.662036538124084473e+00,2.692977905273437500e+00
2.051350355148315430e+00,-1.123807549476623535e+00,1.358847498893737793e+00,2.259254455566406250e+00
-9.759858846664428711e-01,2.960253059864044189e-01,2.446630597114562988e-01,-9.458624720573425293e-01
-2.008024901151657104e-01,-2.065253257751464844e-01,-5.299159884452819824e-02,2.861814737319946289e+00
3.001869916915893555e-01,-2.404642701148986816e-01,1.183687686920166016e+00,-2.161615937948226929e-01
6.328586935997009277e-01,-1.017192080616950989e-01,-5.017459392547607422e-01,1.028904318809509277e+00
-1.330280661582946777e+00,1.135970830917358398e+00,-3.014619052410125732e-01,5.792458653450012207e-01
-3.305501341819763184e-01,1.812258243560791016e+00,-4.150483012199401855e-01,1.992281317710876465e+00
-2.496719956398010254e-01,1.311365485191345215e+00,-7.207801938056945801e-01,5.352287739515304565e-02
2.025646686553955078e+00,-1.054901719093322754e+00,5.831372141838073730e-01,1.631725668907165527e+00
-4.244661033153533936e-01,-5.005593895912170410e-01,1.675623297691345215e+00,2.597844123840332031e+00
5.262123346328735352e-01,2.356448769569396973e-01,-1.560187578201293945e+00,-1.292907118797302246e+00
-1.133514165878295898e+00,-4.349869787693023682e-01,8.970382809638977051e-01,-4.751888215541839600e-01
1.187708139419555664e+00,-7.788946032524108887e-01,1.364980578422546387e+00,6.154586002230644226e-02
-7.569480538368225098e-01,-9.607164263725280762e-01,2.500438988208770752e-01,1.073077321052551270e+00
2.345556020736694336e-01,-1.269370317459106445e+00,6.913636326789855957e-01,1.405428528785705566e+00
-5.991689562797546387e-01,-1.254513621330261230e+00,8.604486584663391113e-01,-2.718353867530822754e-01
-2.611867785453796387e-01,3.120076358318328857e-01,-9.048937559127807617e-01,-8.537738025188446045e-02
-8.122990727424621582e-01,-1.729204086586833000e-03,-1.005270123481750488e+00,2.050580024719238281e+00
2.294348478317260742e-01,5.505419969558715820e-01,-1.702165007591247559e+00,1.171906232833862305e+00
-5.568490028381347656e-01,1.598652839660644531e+00,-1.601343512535095215e+00,9.831557273864746094e-01
9.814864993095397949e-01,-2.226285785436630249e-01,7.606935501098632812e-01,-3.842937648296356201e-01
1.093951940536499023e+00,6.250723600387573242e-01,2.953214049339294434e-01,-1.779166698455810547e+00
-9.380315542221069336e-01,-1.723010063171386719e+00,2.627185583114624023e+00,7.201516628265380859e-02
-5.413298010826110840e-01,1.283633947372436523e+00,1.662703305482864380e-01,1.473165512084960938e+00
-1.483920812606811523e-01,-6.320030093193054199e-01,-1.411179304122924805e+00,1.204062104225158691e+00
2.649786137044429779e-02,-1.792461752891540527e+00,-4.662186801433563232e-01,2.937126755714416504e-01
4.747081398963928223e-01,-5.230962038040161133e-01,1.453065991401672363e+00,1.182680249214172363e+00
1.961700677871704102e+00,2.861624062061309814e-01,1.955766916275024414e+00,1.447479724884033203e-01
-1.890129089355468750e+00,8.557033538818359375e-01,1.169533133506774902e+00,7.805449366569519043e-01
-3.586101830005645752e-01,-7.685767412185668945e-01,-8.172991871833801270e-01,2.264957189559936523e+00
-5.203995704650878906e-01,2.922200918197631836e+00,-1.104723513126373291e-01,4.145635128021240234e+00
1.488029360771179199e+00,4.760768711566925049e-01,1.739890314638614655e-02,2.729281902313232422e+00
-7.300911545753479004e-01,-5.659786462783813477e-01,-8.157988786697387695e-01,4.849652647972106934e-01
5.762342214584350586e-01,4.398732185363769531e-01,-1.091805696487426758e+00,-3.434528112411499023e-01
1.648969292640686035e+00,2.267983675003051758e+00,6.044946312904357910e-01,2.403288036584854126e-01
3.459985852241516113e-01,1.068053841590881348e+00,-2.092951983213424683e-01,9.765653610229492188e-01
-1.550549507141113281e+00,1.587255895137786865e-01,-5.178686976432800293e-01,3.312411904335021973e-01
-2.166657686233520508e+00,-8.344852328300476074e-01,-1.411099731922149658e-02,1.635979413986206055e+00
1.893681168556213379e+00,1.427881360054016113e+00,2.458147525787353516e+00,9.542088508605957031e-01
-1.707291960716247559e+00,-7.328828573226928711e-01,3.619740903377532959e-01,3.254343569278717041e-01
-7.544615268707275391e-01,-1.431093692779541016e+00,6.346300244331359863e-02,1.595880508422851562e+00
-1.155656933784484863e+00,-1.569517999887466431e-01,-1.716811418533325195e+00,9.574589729309082031e-01
-2.385029196739196777e-01,1.352592229843139648e+00,-7.397110462188720703e-01,1.657766103744506836e+00
8.082167506217956543e-01,-6.902965307235717773e-01,-1.283688426017761230e+00,1.328947424888610840e+00
6.613983511924743652e-01,6.754927039146423340e-01,1.690346151590347290e-01,7.055529356002807617e-01
3.222176134586334229e-01,8.484300971031188965e-01,7.646400332450866699e-01,4.509567916393280029e-01
6.445207446813583374e-02,1.215331077575683594e+00,-6.654473543167114258e-01,4.141726016998291016e+00
-4.320553839206695557e-01,-1.375385642051696777e+00,6.549774408340454102e-01,3.843074440956115723e-01
-3.673869669437408447e-01,-1.070113033056259155e-01,-1.552210330963134766e+00,1.648656129837036133e+00
1.760177016258239746e+00,1.301192402839660645e+00,6.020351052284240723e-01,3.412935972213745117e+00
1.752473473548889160e+00,-1.116333723068237305e+00,2.434772729873657227e+00,2.542247295379638672e+00
5.220181345939636230e-01,-2.515657901763916016e+00,1.861788749694824219e+00,-4.366329908370971680e-01
-1.225484728813171387e+00,-8.000437021255493164e-01,7.793091535568237305e-01,8.380404114723205566e-01
-1.175300359725952148e+00,8.200467824935913086e-01,2.773345410823822021e-01,8.849980831146240234e-01
-7.160953879356384277e-01,-2.434407472610473633e+00,-1.447871774435043335e-01,1.074596419930458069e-01
-1.773073673248291016e+00,9.702192991971969604e-02,-7.340060472488403320e-01,4.423461258411407471e-01
9.980100393295288086e-01,5.330021977424621582e-01,9.681016206741333008e-01,9.581827521324157715e-01
-1.601343750953674316e+00,-1.807624816894531250e+00,3.062072753906250000e+00,1.065689206123352051e+00
-1.630489230155944824e-01,-1.004171967506408691e+00,-4.313221573829650879e-02,1.195536375045776367e+00
-6.556903719902038574e-01,4.379968941211700439e-01,-2.188020944595336914e+00,1.090178132057189941e+00
2.284060046076774597e-02,5.786069035530090332e-01,-2.800796508789062500e+00,8.821425437927246094e-01
-2.240155637264251709e-01,-1.071907877922058105e+00,-6.916207820177078247e-02,2.731584310531616211e-01
2.460240602493286133e+00,-7.266556620597839355e-01,-1.384007781744003296e-01,6.612787842750549316e-01
7.491791844367980957e-01,5.851815342903137207e-01,3.659658432006835938e-01,2.976085662841796875e+00
-9.805012941360473633e-01,2.867316603660583496e-01,3.996848165988922119e-01,1.175377130508422852e+00
-7.270194888114929199e-01,7.281021475791931152e-01,-2.011505842208862305e+00,1.189912796020507812e+00
3.471649587154388428e-01,-1.382165253162384033e-01,-2.273363828659057617e+00,-4.728768765926361084e-01
6.590468883514404297e-01,6.618676781654357910e-01,-1.141075611114501953e+00,-4.585789144039154053e-01
-1.546836376190185547e+00,-4.865210950374603271e-01,-3.106986582279205322e-01,-1.411988884210586548e-01
-1.549365997314453125e+00,-1.028654575347900391e+00,7.572123408317565918e-01,5.906564593315124512e-01
9.230546355247497559e-01,3.133414387702941895e-01,1.872157692909240723e+00,-1.649501562118530273e+00
2.261209934949874878e-01,1.800117731094360352e+00,1.671638041734695435e-01,6.047366857528686523e-01
-8.526796698570251465e-01,6.693840026855468750e-01,-1.767794609069824219e+00,5.946998596191406250e-01
-5.973268151283264160e-01,1.351709663867950439e-02,-1.404308795928955078e+00,-2.119237482547760010e-01
1.825852513313293457e+00,1.790243029594421387e+00,1.462467432022094727e+00,2.426049947738647461e+00
-5.002151727676391602e-01,5.649875476956367493e-02,-9.217285513877868652e-01,1.018043518066406250e+00
-1.467324048280715942e-01,3.347373306751251221e-01,-2.473674297332763672e+00,-2.793182730674743652e-01
1.276427149772644043e+00,-8.241124153137207031e-01,1.438056111335754395e+00,-1.586082577705383301e+00
-2.430634796619415283e-01,7.850426435470581055e-02,1.119668126106262207e+00,4.605889022350311279e-01
8.032229542732238770e-02,-7.037289738655090332e-01,1.905287243425846100e-02,1.577268123626708984e+00
-7.699624896049499512e-01,2.099531888961791992e-01,1.227346062660217285e+00,3.559262156486511230e-01
-1.402201294898986816e+00,8.204700797796249390e-02,1.253287553787231445e+00,2.179400175809860229e-01
9.751182198524475098e-01,-6.564920544624328613e-01,9.270513057708740234e-01,1.456154584884643555e+00
-9.592014551162719727e-01,-6.652909517288208008e-01,2.756138145923614502e-02,3.335815966129302979e-01
-6.885096430778503418e-01,1.778753519058227539e+00,-2.444630116224288940e-01,3.019373893737792969e+00
3.232167661190032959e-01,-4.616231620311737061e-01,1.308294534683227539e+00,1.190421223640441895e+00
-9.400877356529235840e-01,5.800756812095642090e-01,-8.595787882804870605e-01,1.141231298446655273e+00
-1.914208769798278809e+00,-7.119885087013244629e-02,-3.994554281234741211e-02,2.786561250686645508e+00
1.810484051704406738e+00,-2.043066620826721191e-01,8.933554291725158691e-01,-1.504473686218261719e-01
1.199505925178527832e-01,-8.611678481101989746e-01,-9.509686231613159180e-01,1.635969281196594238e+00
-1.455853700637817383e+00,-1.742211580276489258e-01,7.273207306861877441e-01,-1.972807526588439941e+00
-1.006617903709411621e+00,6.953468322753906250e-01,-2.094108819961547852e+00,1.443399429321289062e+00
-2.166895568370819092e-01,-9.427556395530700684e-01,-4.619974195957183838e-01,1.781072735786437988e+00
-8.520098328590393066e-01,1.661424756050109863e+00,-1.234694480895996094e+00,1.067959427833557129e+00
2.798815369606018066e-01,-1.241253167390823364e-01,3.082870244979858398e-01,3.391615152359008789e-01
-1.356793403625488281e+00,-2.333959750831127167e-02,1.647872090339660645e+00,1.462433695793151855e+00
-4.276781380176544189e-01,7.428357005119323730e-01,-5.960987210273742676e-01,1.743514090776443481e-01
3.337196409702301025e-01,-3.511094450950622559e-01,4.827669858932495117e-01,-4.390425980091094971e-01
-2.949260771274566650e-01,1.160396695137023926e+00,-1.366195917129516602e+00,8.368285298347473145e-01
5.036943554878234863e-01,-1.686657220125198364e-01,6.416435241699218750e-01,-1.999515891075134277e-01
-1.493453383445739746e+00,8.594972491264343262e-01,5.824027061462402344e-01,-8.269667029380798340e-01
5.271191596984863281e-01,1.354194164276123047e+00,-2.332230955362319946e-01,2.987463951110839844e+00
-8.910171985626220703e-01,1.863249838352203369e-01,-1.415681958198547363e+00,-7.747045755386352539e-01
1.255651593208312988e+00,-1.230553984642028809e+00,1.507401943206787109e+00,2.333746194839477539e+00
2.001399993896484375e-01,1.177323386073112488e-01,1.025959372520446777e+00,-9.058167934417724609e-01
6.844536066055297852e-01,1.070642590522766113e+00,-7.085085660219192505e-02,2.148145198822021484e+00
-3.316401839256286621e-01,1.144475460052490234e+00,-1.176185250282287598e+00,1.074015855789184570e+00
-7.250826060771942139e-02,1.988340765237808228e-01,-2.297219991683959961e+00,4.325424432754516602e-01
1.270064234733581543e+00,-9.935014247894287109e-01,2.537550449371337891e+00,-2.703245580196380615e-01
-1.804841905832290649e-01,9.793394804000854492e-01,-1.049331426620483398e+00,9.920999407768249512e-01
-9.097363948822021484e-01,6.323671936988830566e-01,-1.207177191972732544e-01,1.511013388633728027e+00
1.049519062042236328e+00,-1.051805496215820312e+00,1.806260943412780762e-01,1.825141549110412598e+00
-1.698362588882446289e+00,4.402789473533630371e-01,-1.606425940990447998e-01,1.399039030075073242e+00
-4.131328165531158447e-01,1.246303081512451172e+00,-1.311684727668762207e+00,1.901118993759155273e+00
1.803849577903747559e+00,2.324396222829818726e-01,2.085316658020019531e+00,5.682955980300903320e-01
4.075289964675903320e-01,1.707660675048828125e+00,2.070544362068176270e-01,6.791957020759582520e-01
2.818302512168884277e-01,-7.048311829566955566e-01,4.713685512542724609e-01,-6.183470487594604492e-01
-5.964760780334472656e-01,-1.163945645093917847e-01,-1.042945742607116699e+00,-2.455775290727615356e-01
-1.310814261436462402e+00,-2.482242584228515625e+00,2.915264844894409180e+00,1.425225973129272461e+00
-1.425755858421325684e+00,-7.264770269393920898e-01,-1.339502930641174316e-01,6.542903780937194824e-01
1.129166364669799805e+00,-8.418350666761398315e-02,1.606714010238647461e+00,2.369615077972412109e+00
-2.242648124694824219e+00,9.350067377090454102e-01,4.355395585298538208e-02,8.500398993492126465e-01
-8.245579004287719727e-01,-1.241642475128173828e+00,6.197783946990966797e-01,7.092139720916748047e-01
4.792324900627136230e-01,-2.976908683776855469e-01,-5.404347181320190430e-02,-1.077530980110168457e+00
6.083742380142211914e-01,4.961736798286437988e-01,-4.562384188175201416e-01,-1.194780826568603516e+00
7.128142118453979492e-01,2.173541486263275146e-01,1.357856988906860352e+00,-4.803926348686218262e-01
-2.752085961401462555e-02,8.933434486389160156e-01,-1.491099953651428223e+00,-1.320745050907135010e-01
9.268724322319030762e-01,7.679690122604370117e-01,7.462614178657531738e-01,1.451875209808349609e+00
6.538775563240051270e-01,-1.503408432006835938e+00,1.163216590881347656e+00,1.335429430007934570e+00
-7.033544778823852539e-01,-7.937610745429992676e-01,-5.222992300987243652e-01,5.839666724205017090e-01
-5.619498435407876968e-03,-1.430252671241760254e+00,1.836021542549133301e+00,1.637170910835266113e+00
4.906491562724113464e-02,-7.455036044120788574e-03,-8.572050333023071289e-01,-1.317473649978637695e-01
-6.332768797874450684e-01,-4.000062942504882812e-01,7.313992977142333984e-01,-1.484344363212585449e+00
3.487209558486938477e+00,1.855181902647018433e-01,2.124990940093994141e+00,3.272093534469604492e-01
-1.035712957382202148e+00,-1.505357027053833008e+00,1.314214587211608887e+00,2.517029285430908203e+00
1.998251318931579590e+00,-4.326322972774505615e-01,3.186048984527587891e+00,6.209409981966018677e-02
1.571581512689590454e-01,-8.498834967613220215e-01,5.983594059944152832e-01,1.507522612810134888e-01
-1.279597282409667969e+00,8.392266035079956055e-01,4.786182940006256104e-01,3.093945503234863281e+00
4.524053335189819336e-01,-4.791679382324218750e-01,-5.467309355735778809e-01,-2.594897150993347168e-01
-1.675835400819778442e-01,-2.763642668724060059e-01,-6.004490703344345093e-02,8.749310970306396484e-01
-7.251970767974853516e-01,-1.596553474664688110e-01,-6.465117633342742920e-02,1.995290666818618774e-01
-6.103823781013488770e-01,4.899290800094604492e-01,-1.874171048402786255e-01,1.597010254859924316e+00
8.453229665756225586e-01,-1.229760169982910156e+00,-3.430416882038116455e-01,4.182723760604858398e-01
1.242649555206298828e+00,1.657563209533691406e+00,-1.537539958953857422e+00,9.110898375511169434e-01
1.161662861704826355e-01,1.163210496306419373e-01,-1.896123290061950684e+00,-2.877625703811645508e+00
4.400118291378021240e-01,-4.225192219018936157e-02,5.951042771339416504e-01,-2.199114799499511719e+00
-7.430484294891357422e-01,1.658888459205627441e-01,-7.846056222915649414e-01,5.969685912132263184e-01
9.480978846549987793e-01,3.485789299011230469e-01,2.586745023727416992e-01,6.568574309349060059e-01
-8.254234492778778076e-02,-8.262405395507812500e-01,-4.374624490737915039e-01,3.052156448364257812e+00
2.059441991150379181e-02,8.462607264518737793e-01,-2.537786006927490234e+00,5.081901550292968750e-01
5.686967372894287109e-01,-1.375956892967224121e+00,1.835612297058105469e+00,3.193958997726440430e+00
3.445684015750885010e-01,8.343877196311950684e-01,-3.083183467388153076e-01,4.232268035411834717e-01
5.823295935988426208e-02,-6.662782430648803711e-01,-9.200885891914367676e-01,2.157779335975646973e-01
5.254659056663513184e-01,-3.459550142288208008e-01,-4.151857793331146240e-01,5.199841260910034180e-01
1.307735085487365723e+00,-5.462751388549804688e-01,1.046690225601196289e+00,6.730738282203674316e-01
2.665925502777099609e+00,4.705372452735900879e-01,1.693366527557373047e+00,1.257010579109191895e+00
-6.031334996223449707e-01,-4.592263400554656982e-01,1.005614638328552246e+00,1.289545536041259766e+00
-5.728107094764709473e-01,9.589721560478210449e-01,-6.371493935585021973e-01,4.094919562339782715e-01
-2.085249185562133789e+00,5.606465935707092285e-01,-1.877013891935348511e-01,-5.847962498664855957e-01
-3.161066770553588867e-01,-1.827213168144226074e+00,-1.762102991342544556e-01,1.474955797195434570e+00
9.889878034591674805e-01,5.115522742271423340e-01,-9.499633312225341797e-01,6.721710562705993652e-01
4.696523249149322510e-01,-4.940654635429382324e-01,2.193380117416381836e+00,6.000550985336303711e-01
-1.200232505798339844e+00,5.946887731552124023e-01,-1.909933090209960938e-01,-1.196297049522399902e+00
3.629192411899566650e-01,-1.077197194099426270e+00,-2.659933567047119141e-01,5.966635346412658691e-01
9.430654644966125488e-01,-1.282962858676910400e-01,1.075496315956115723e+00,8.494296669960021973e-01
1.203464746475219727e+00,-1.141590625047683716e-01,-1.293017566204071045e-01,-5.321247577667236328e-01
2.500496208667755127e-01,-1.558941006660461426e+00,1.602350115776062012e+00,1.539636492729187012e+00
-4.222000837326049805e-01,-2.041028022766113281e+00,4.095086097717285156e+00,6.234587430953979492e-01
4.281687363982200623e-02,6.313933730125427246e-01,-2.378811120986938477e+00,-1.893676258623600006e-02
-1.173841476440429688e+00,1.126577377319335938e+00,4.956581592559814453e-01,1.278887867927551270e+00
-9.069048166275024414e-01,-1.076058506965637207e+00,2.671881198883056641e+00,1.647520542144775391e+00
5.713589191436767578e-01,-9.234641790390014648e-01,2.193520069122314453e+00,1.026908874511718750e+00
3.799777925014495850e-01,4.209556281566619873e-01,1.778744012117385864e-01,8.618289232254028320e-01
2.539705991744995117e+00,-8.373529911041259766e-01,1.266638398170471191e+00,9.348428994417190552e-02
-1.104274392127990723e+00,1.059616565704345703e+00,-1.894968509674072266e+00,2.092602491378784180e+00
4.056141376495361328e-01,1.876989305019378662e-01,1.948239803314208984e-01,7.300692796707153320e-01
-3.119699656963348389e-01,4.061623811721801758e-01,-1.023228526115417480e+00,1.925809860229492188e+00
-9.885479807853698730e-01,1.041842326521873474e-01,1.074312329292297363e+00,5.283748507499694824e-01
1.382376402616500854e-01,-1.916063308715820312e+00,-2.636106014251708984e-01,4.407725110650062561e-02
2.042189389467239380e-01,-1.636431097984313965e+00,5.291175842285156250e-01,8.067572116851806641e-01
1.721116155385971069e-01,7.284704446792602539e-01,3.678992092609405518e-01,4.082196950912475586e-01
-3.282465040683746338e-01,1.610608696937561035e+00,-1.215423345565795898e+00,1.592119336128234863e+00
1.175750970840454102e+00,8.273108005523681641e-01,4.391530752182006836e-01,5.756469964981079102e-01
-4.582198262214660645e-01,-6.319296956062316895e-01,4.906104207038879395e-01,2.751560449600219727e+00
1.274900317192077637e+00,-1.399811863899230957e+00,3.254896402359008789e+00,8.713544607162475586e-01
-9.567903727293014526e-02,5.460793972015380859e-01,-1.054124254733324051e-02,2.077571451663970947e-01
1.104707956314086914e+00,5.122312903404235840e-01,-6.612898707389831543e-01,1.086833119392395020e+00
1.207461237907409668e+00,4.125438630580902100e-01,1.786712527275085449e+00,2.871948003768920898e+00
-5.973705053329467773e-01,-5.905778408050537109e-01,-7.774382233619689941e-01,9.960206151008605957e-01
7.529526948928833008e-01,7.587479948997497559e-01,3.339703977108001709e-01,3.820211887359619141e-01
2.537216901779174805e+00,-1.618936300277709961e+00,-1.059480190277099609e+00,3.664731502532958984e+00
1.288846582174301147e-01,-3.081505537033081055e+00,4.409310221672058105e-01,2.699600219726562500e+00
-1.468172311782836914e+00,2.043211162090301514e-01,-2.245165705680847168e-01,1.286035656929016113e+00
-9.938458204269409180e-01,-1.032963275909423828e+00,1.872741878032684326e-01,7.735332250595092773e-01
4.394127130508422852e-01,-3.661149144172668457e-01,-6.731778383255004883e-01,1.852575540542602539e+00
1.196965649724006653e-01,-1.143205404281616211e+00,-8.752147555351257324e-01,1.664488434791564941e+00
8.761250227689743042e-02,1.652266263961791992e+00,1.060871630907058716e-01,1.734615087509155273e+00
-3.904604613780975342e-01,1.309448599815368652e+00,-7.027925252914428711e-01,2.888753712177276611e-01
6.932904720306396484e-01,9.054307937622070312e-01,-3.443564176559448242e-01,1.598740667104721069e-01
-3.102712035179138184e-01,1.972543835639953613e+00,-7.610347121953964233e-02,8.510916829109191895e-01
5.212394148111343384e-02,-2.014703601598739624e-01,-2.210573673248291016e+00,5.845290422439575195e-01
-3.317851200699806213e-02,-3.320602178573608398e-01,9.056229591369628906e-01,-5.378012061119079590e-01
1.266668081283569336e+00,-4.677109718322753906e-01,-8.629239350557327271e-02,1.287504553794860840e+00
-6.295700073242187500e-01,-1.795516848564147949e+00,5.122548937797546387e-01,6.155730485916137695e-01
-7.784352302551269531e-01,-5.691758990287780762e-01,1.858149290084838867e+00,8.946523070335388184e-01
2.492038488388061523e+00,-6.523097753524780273e-01,-1.138945370912551880e-01,1.841098964214324951e-01
3.490613400936126709e-01,-9.527065157890319824e-01,3.809384703636169434e-01,-1.271122097969055176e+00
1.563906073570251465e-01,-1.204386353492736816e+00,-5.675082206726074219e-01,1.198608994483947754e+00
-4.084676802158355713e-01,4.217931628227233887e-01,-4.492854326963424683e-02,1.446088433265686035e+00
-3.943429291248321533e-01,5.982187986373901367e-01,6.944182515144348145e-01,1.827711582183837891e+00
-1.043411254882812500e+00,-1.520374298095703125e+00,2.741883099079132080e-01,8.757104873657226562e-01
6.039850413799285889e-04,-3.165819346904754639e-01,-1.826195597648620605e+00,-1.229207441210746765e-01
-1.702572941780090332e+00,3.363201916217803955e-01,3.798938393592834473e-01,-2.325801610946655273e+00
-6.273562908172607422e-01,-1.527823060750961304e-01,-1.011845543980598450e-01,2.035712718963623047e+00
-1.631856709718704224e-01,1.268308877944946289e+00,-1.347701787948608398e+00,1.503009200096130371e+00
9.551069140434265137e-02,-1.152365684509277344e+00,5.714111328125000000e-01,1.767388343811035156e+00
-1.290445685386657715e+00,8.029927015304565430e-01,-1.506465226411819458e-01,1.396578788757324219e+00
1.261880278587341309e+00,1.044797897338867188e+00,2.590201497077941895e-01,1.217669963836669922e+00
-1.310775130987167358e-01,-2.262481153011322021e-01,-2.113557904958724976e-01,-7.660816889256238937e-03
-1.177232265472412109e+00,-2.846305072307586670e-01,1.629668235778808594e+00,7.259383201599121094e-01
-5.133953094482421875e-01,-6.858332082629203796e-03,6.840562224388122559e-01,9.244899749755859375e-01
8.079762458801269531e-01,6.176846027374267578e-01,-3.654641509056091309e-01,1.937127828598022461e+00
-7.540689706802368164e-01,2.622663080692291260e-01,-2.415777683258056641e+00,1.341523528099060059e+00
2.579926848411560059e-01,3.756820261478424072e-01,1.760295480489730835e-01,-3.433123603463172913e-02
1.447539806365966797e+00,-6.090869307518005371e-01,1.489795684814453125e+00,1.465372890233993530e-01
-1.897916197776794434e-01,4.623393416404724121e-01,-2.206834077835083008e+00,-5.174599885940551758e-01
-1.625652790069580078e+00,-1.086631417274475098e+00,1.755516171455383301e+00,2.776044905185699463e-01
-7.973270118236541748e-02,-4.118218272924423218e-02,-2.038692235946655273e+00,2.598293781280517578e+00
-2.881342172622680664e-01,-6.910622864961624146e-02,-4.163981080055236816e-01,1.723847389221191406e+00
-4.604493677616119385e-01,-6.355686187744140625e-01,4.890225231647491455e-01,3.917664587497711182e-01
-2.293432354927062988e-01,4.277486801147460938e-01,-8.973399400711059570e-01,1.856819987297058105e+00
7.987872362136840820e-01,-7.890187203884124756e-02,-6.710062026977539062e-01,3.182208240032196045e-01
1.920062661170959473e+00,-6.057864427566528320e-01,-8.945184201002120972e-02,-9.286961704492568970e-02
-7.507007122039794922e-01,3.403074741363525391e-01,-1.021540999412536621e+00,1.674868464469909668e+00
8.232574164867401123e-02,2.532842159271240234e-01,-6.993154287338256836e-01,-3.545985817909240723e-01
3.390003740787506104e-01,-7.889491319656372070e-01,3.647380694746971130e-02,-2.064615637063980103e-01
-5.041796565055847168e-01,1.457119286060333252e-01,2.709593065083026886e-02,3.089376389980316162e-01
-8.534405231475830078e-01,-1.639570713043212891e+00,-8.740447759628295898e-01,3.821694374084472656e+00
2.453394085168838501e-01,-1.110435873270034790e-01,-1.904449105262756348e+00,6.492354869842529297e-01
-9.573863148689270020e-01,-1.141057252883911133e+00,1.387002110481262207e+00,-1.058082059025764465e-01
-1.303545832633972168e-01,-1.314150691032409668e+00,-7.363259792327880859e-01,2.448344945907592773e+00
-1.181935369968414307e-01,-4.889408349990844727e-01,-4.031207084655761719e+00,3.163656711578369141e+00
1.950481534004211426e-01,1.421596646308898926e+00,1.085614562034606934e+00,1.839281916618347168e+00
2.062431573867797852e+00,-9.193043112754821777e-01,1.659841418266296387e+00,-2.231350168585777283e-02
1.536742597818374634e-01,1.197526827454566956e-01,-2.312434911727905273e+00,5.432521700859069824e-01
1.670984268188476562e+00,-1.336676478385925293e-01,1.793099403381347656e+00,1.683563351631164551e+00
-6.938626170158386230e-01,-3.477628827095031738e-01,-1.036292552947998047e+00,6.031890511512756348e-01
-1.085616827011108398e+00,1.645652532577514648e+00,1.902650475502014160e+00,1.395769953727722168e+00
6.825532317161560059e-01,3.577192723751068115e-01,-1.053124904632568359e+00,6.035011410713195801e-01
3.286965787410736084e-01,-1.097682952880859375e+00,3.024937808513641357e-01,1.505252957344055176e+00
1.954176574945449829e-01,1.162576198577880859e+00,8.043569512665271759e-03,2.414361715316772461e+00
3.360570669174194336e+00,-1.114916443824768066e+00,-5.777408480644226074e-01,6.831570267677307129e-01
-3.164361417293548584e-01,8.787538856267929077e-02,-1.302555561065673828e+00,1.239583492279052734e+00
1.320385575294494629e+00,2.600099146366119385e-01,1.465201139450073242e+00,1.212036728858947754e+00
2.009574174880981445e+00,-2.436772823333740234e+00,2.735857009887695312e+00,7.936781644821166992e-02
4.293041229248046875e-01,1.781445980072021484e+00,-5.530899763107299805e-01,1.072260737419128418e+00
1.683036923408508301e+00,9.047600626945495605e-02,1.960498332977294922e+00,-5.589246749877929688e-01
-9.693385660648345947e-02,-4.860055148601531982e-01,-2.881426334381103516e+00,-2.542968466877937317e-02
1.179804682731628418e+00,1.227925896644592285e+00,1.139840006828308105e+00,-1.050012826919555664e+00
9.807448983192443848e-01,-1.700999379158020020e+00,3.248146295547485352e+00,3.833681344985961914e-01
-2.242539167404174805e+00,1.637356996536254883e+00,-1.124849200248718262e+00,1.176138639450073242e+00
-4.046771824359893799e-01,-9.660927206277847290e-02,-2.047608792781829834e-01,1.652927875518798828e+00
-1.436893343925476074e+00,-5.916231274604797363e-01,5.086275339126586914e-01,9.893441200256347656e-01
-8.600087463855743408e-02,-3.561795353889465332e-01,-8.632808923721313477e-01,1.765914201736450195e+00
-1.220227360725402832e+00,-2.136984825134277344e+00,8.163442611694335938e-01,-1.292191743850708008e+00
-1.173624321818351746e-01,1.026031672954559326e-01,-2.348513364791870117e+00,1.216965794563293457e+00
-4.196568429470062256e-01,-1.453250885009765625e+00,1.004838466644287109e+00,1.502037405967712402e+00
-1.208874702453613281e+00,9.589818865060806274e-02,-2.717419266700744629e-01,5.120019316673278809e-01
-1.143999099731445312e+00,1.130725383758544922e+00,-9.832774400711059570e-01,4.317402243614196777e-01
3.423133194446563721e-01,-6.458461284637451172e-01,1.123770475387573242e+00,1.017676591873168945e+00
-5.856162905693054199e-01,7.870864272117614746e-01,-2.226038217544555664e+00,2.437343895435333252e-01
-2.235258743166923523e-02,-1.313591957092285156e+00,2.438115358352661133e+00,4.308653771877288818e-01
-8.841758370399475098e-01,-8.392250537872314453e-02,-1.749915182590484619e-01,1.122166872024536133e+00
-6.637226045131683350e-02,-3.447581529617309570e-01,6.002993881702423096e-02,-2.967655360698699951e-01
8.071078658103942871e-01,-3.097616434097290039e-01,1.298635840415954590e+00,2.730492353439331055e+00
1.502827763557434082e+00,-2.444270104169845581e-01,1.824397444725036621e+00,-1.336622387170791626e-01
8.224748373031616211e-01,-3.712327480316162109e-01,1.408685684204101562e+00,1.134697914123535156e+00
1.388193607330322266e+00,1.222280263900756836e+00,8.761529922485351562e-01,3.302721500396728516e+00
-1.736738801002502441e+00,3.581223189830780029e-01,-9.447724819183349609e-01,-6.303028464317321777e-01
1.456887423992156982e-01,-1.593705892562866211e+00,2.114269971847534180e+00,2.356746792793273926e-01
-4.554675519466400146e-01,-4.860666692256927490e-01,-1.711919307708740234e+00,2.680421471595764160e-01
-8.682943582534790039e-01,-1.705550909042358398e+00,6.372075080871582031e-01,7.889884710311889648e-01
-6.213960051536560059e-01,3.862893283367156982e-01,-1.749304056167602539e+00,-5.859155654907226562e-01
1.529162526130676270e+00,3.117976665496826172e+00,-4.471547007560729980e-01,3.371186017990112305e+00
-3.701072037220001221e-01,-1.426205635070800781e-01,-3.647083938121795654e-01,4.395272210240364075e-02
-1.003155469894409180e+00,1.345552444458007812e+00,-2.463364839553833008e+00,1.422343730926513672e+00
-4.001407325267791748e-01,3.038161516189575195e+00,-9.919036626815795898e-01,3.240641593933105469e+00
-9.642643928527832031e-01,1.633311212062835693e-01,4.621644616127014160e-01,5.627888441085815430e-01
-8.879612088203430176e-01,-5.454074144363403320e-01,-1.858918964862823486e-01,6.329926848411560059e-01
-3.348202705383300781e-01,-5.105717778205871582e-01,-6.697025895118713379e-01,2.744456194341182709e-02
-2.269570827484130859e-01,-5.159408226609230042e-02,-2.004971742630004883e+00,1.839806735515594482e-01
-7.025004029273986816e-01,3.518440127372741699e-01,-6.376647353172302246e-01,7.781116366386413574e-01
2.316017448902130127e-01,8.922005444765090942e-02,1.996402591466903687e-01,7.635588645935058594e-01
-1.341676831245422363e+00,1.723362088203430176e+00,2.945829331874847412e-01,1.271719813346862793e+00
1.639997243881225586e+00,1.259542465209960938e+00,1.977200508117675781e+00,1.623791217803955078e+00
-2.074408769607543945e+00,5.039391666650772095e-02,-8.630743026733398438e-01,1.026189684867858887e+00
1.249697446823120117e+00,-8.901016116142272949e-01,1.986641168594360352e+00,-4.661423861980438232e-01
1.508320689201354980e+00,9.816886484622955322e-02,2.982057571411132812e+00,2.780708074569702148e-01
2.287797033786773682e-01,-4.240238368511199951e-01,-7.899218201637268066e-01,4.450864195823669434e-01
-1.105227947235107422e+00,-6.536516547203063965e-01,4.109852910041809082e-01,1.005686402320861816e+00
5.900578573346138000e-02,-9.389685392379760742e-01,1.126926183700561523e+00,7.810071706771850586e-01
6.489979624748229980e-01,-3.728045225143432617e-01,-2.898305654525756836e-01,6.102480292320251465e-01
1.348762869834899902e+00,-7.619318962097167969e-01,1.983214735984802246e+00,1.366614699363708496e+00
-2.338946014642715454e-01,2.557360529899597168e-01,-5.955337285995483398e-01,9.035602211952209473e-01
5.948757529258728027e-01,1.105879783630371094e+00,-6.278984248638153076e-02,9.703413248062133789e-01
-1.202720880508422852e+00,-8.061352968215942383e-01,1.091210007667541504e+00,3.967685401439666748e-01
1.103680968284606934e+00,-2.364023685455322266e+00,1.522536158561706543e+00,1.396138906478881836e+00
1.298132658004760742e+00,-1.517927885055541992e+00,2.047033309936523438e+00,1.747340798377990723e+00
2.471337281167507172e-02,-8.236943483352661133e-01,2.178600877523422241e-01,2.570439577102661133e+00
-4.587307870388031006e-01,-1.359127759933471680e+00,5.296178460121154785e-01,1.343854546546936035e+00
6.594735980033874512e-01,-1.056542158126831055e+00,1.438088893890380859e+00,5.555664896965026855e-01
-9.995167255401611328e-01,3.894012272357940674e-01,4.742525815963745117e-01,9.222829341888427734e-01
2.206536293029785156e+00,-2.780332267284393311e-01,2.947454452514648438e-01,-3.802380710840225220e-02
7.693146467208862305e-01,-1.754639111459255219e-02,-1.000603675842285156e+00,6.830028295516967773e-01
-1.952918291091918945e+00,-3.466732203960418701e-01,1.206237673759460449e+00,2.548426985740661621e-01
6.998596191406250000e-01,-2.886667847633361816e-01,2.218695878982543945e+00,-1.030301973223686218e-01
2.514900863170623779e-01,-3.265814483165740967e-01,-8.995618820190429688e-01,-2.427114918828010559e-02
-1.079337000846862793e-01,2.479637414216995239e-01,-2.231096267700195312e+00,-1.867627650499343872e-01
-1.009273529052734375e+00,-1.490812897682189941e+00,-2.086173146963119507e-01,2.037462592124938965e-01
-6.332207918167114258e-01,-2.452039003372192383e+00,1.555248379707336426e+00,2.617070376873016357e-01
-9.424297809600830078e-01,1.556908249855041504e+00,1.138358831405639648e+00,2.252195596694946289e+00
-3.581290831789374352e-03,9.638778567314147949e-01,-2.413304090499877930e+00,2.424577474594116211e+00
5.548008680343627930e-01,-1.490511000156402588e-01,-4.387878179550170898e-01,-8.118145465850830078e-01
7.260023057460784912e-02,6.089375615119934082e-01,-1.683922886848449707e+00,4.902597665786743164e-01
-1.864551186561584473e+00,-9.144810438156127930e-01,1.481788277626037598e+00,2.153225898742675781e+00
5.106948614120483398e-01,-1.512000858783721924e-01,-1.950195729732513428e-01,-9.472341537475585938e-01
5.408837795257568359e-01,1.585640460252761841e-01,-1.225920677185058594e+00,8.760401010513305664e-01
-1.681774109601974487e-01,1.531691312789916992e+00,-3.654063940048217773e-01,3.555212974548339844e+00
-6.745994091033935547e-01,-1.743712127208709717e-01,-6.087208390235900879e-01,-1.011152625083923340e+00
1.875926136970520020e+00,1.649894952774047852e+00,5.233789086341857910e-01,2.680894136428833008e+00
1.867177188396453857e-01,1.511469483375549316e+00,-5.434204936027526855e-01,1.345104217529296875e+00
-7.832363247871398926e-01,9.774676561355590820e-01,1.118568897247314453e+00,1.276496767997741699e+00
2.035303354263305664e+00,6.939344406127929688e-01,2.540871620178222656e+00,2.326471567153930664e+00
-1.372966170310974121e-01,-9.806556701660156250e-01,6.319792866706848145e-01,2.445813715457916260e-01
1.719760537147521973e+00,-8.347655534744262695e-01,6.884182095527648926e-01,-9.767909068614244461e-04
-7.440896034240722656e-01,6.025009155273437500e-01,-1.275374293327331543e+00,1.054960966110229492e+00
1.298885583877563477e+00,1.964536905288696289e-01,8.875549435615539551e-01,-8.164254426956176758e-01
-1.617507815361022949e+00,-4.762736856937408447e-01,9.332345128059387207e-01,8.331412672996520996e-01
2.806176543235778809e-01,1.307435631752014160e+00,-8.075981140136718750e-01,1.010620236396789551e+00
8.753573894500732422e-01,-7.543725967407226562e-01,-4.086760878562927246e-01,-5.085968971252441406e-01
-4.471064507961273193e-01,-9.977650046348571777e-01,-1.446427702903747559e+00,1.015434503555297852e+00
-1.787052601575851440e-01,-8.545322716236114502e-02,-1.976015686988830566e+00,1.426211833953857422e+00
-1.288853287696838379e+00,-1.002117395401000977e-01,-2.046037435531616211e+00,-1.768480688333511353e-01
6.809604763984680176e-01,1.034015536308288574e+00,-3.381565511226654053e-01,1.599278450012207031e+00
4.084171354770660400e-01,5.380356907844543457e-01,1.812336891889572144e-01,2.822334170341491699e-01
-5.579497292637825012e-02,-5.120632648468017578e-01,1.379502564668655396e-01,-1.211205005645751953e+00
2.023216634988784790e-01,1.082962632179260254e+00,-4.330877363681793213e-01,6.582324504852294922e-01
-1.758632421493530273e+00,7.026181817054748535e-01,-2.553788423538208008e-01,1.924946904182434082e+00
3.594165742397308350e-01,-8.675083518028259277e-01,2.412081956863403320e-01,3.074281692504882812e+00
-1.086625814437866211e+00,-1.072420477867126465e+00,-1.336350440979003906e+00,1.003181338310241699e+00
-1.908769607543945312e+00,2.052628099918365479e-01,-8.225283622741699219e-01,1.196290254592895508e+00
7.484950423240661621e-01,-1.279310107231140137e+00,1.486859083175659180e+00,4.299322366714477539e-01
-2.152559041976928711e+00,8.263369798660278320e-01,-5.623418092727661133e-01,-3.536365628242492676e-01
9.534425139427185059e-01,1.875184059143066406e+00,-9.584895521402359009e-02,2.633871555328369141e+00
-4.131142795085906982e-02,-1.343164205551147461e+00,7.028681635856628418e-01,2.043928623199462891e+00
-1.019505977630615234e+00,9.155699610710144043e-01,9.522495418787002563e-02,1.521245002746582031e+00
-2.995433092117309570e+00,1.957825660705566406e+00,2.041431367397308350e-01,3.072465658187866211e+00
3.144406527280807495e-02,-5.754735469818115234e-01,-3.808458447456359863e-01,1.178079769015312195e-01
-1.546565651893615723e+00,5.802947878837585449e-01,-1.658257126808166504e+00,1.128466486930847168e+00
6.399889588356018066e-01,1.015449643135070801e+00,-1.638701558113098145e-01,6.040276288986206055e-01
2.460519373416900635e-01,1.045101046562194824e+00,-8.404359221458435059e-01,1.194380164146423340e+00
-1.285759687423706055e+00,8.097527921199798584e-02,-6.578706502914428711e-01,2.757532596588134766e+00
-1.454332590103149414e+00,-9.359648227691650391e-01,3.076920211315155029e-01,-5.345478653907775879e-01
2.130465358495712280e-01,-1.468422263860702515e-01,-9.430221915245056152e-01,-1.138048648834228516e+00
-5.054437518119812012e-01,-1.028284668922424316e+00,2.720337808132171631e-01,7.198536992073059082e-01
-1.431441664695739746e+00,-7.042462825775146484e-01,3.605739772319793701e-01,9.028843641281127930e-01
1.042350172996520996e+00,-6.530600786209106445e-01,-1.596947759389877319e-01,6.264289617538452148e-01
1.214270591735839844e-01,2.219362735748291016e+00,-1.290103793144226074e+00,3.476613044738769531e+00
-2.874119281768798828e-01,1.117599725723266602e+00,-1.190611362457275391e+00,1.300535559654235840e+00
-3.881716430187225342e-01,1.549776911735534668e+00,-1.456886410713195801e+00,3.649381637573242188e+00
4.833294153213500977e-01,2.035506248474121094e+00,-1.332394480705261230e+00,1.500070333480834961e+00
-1.495309233665466309e+00,5.541923642158508301e-01,-3.159693777561187744e-01,1.027441501617431641e+00
-2.089854240417480469e+00,8.190768957138061523e-01,-1.242521762847900391e+00,9.600103497505187988e-01
-7.352669835090637207e-01,-1.861405372619628906e+00,5.110085606575012207e-01,1.991277575492858887e+00
-1.350134253501892090e+00,-7.990515232086181641e-01,5.379711985588073730e-01,5.486454963684082031e-01
5.700855851173400879e-01,6.178327798843383789e-01,-3.664222359657287598e-01,4.392195940017700195e-01
-3.834888571873307228e-03,-6.784262657165527344e-01,9.230899214744567871e-01,1.768311619758605957e+00
-4.070037901401519775e-01,-7.527559399604797363e-01,-3.262265324592590332e-01,1.230856060981750488e+00
-8.322181701660156250e-01,2.525946199893951416e-01,7.515602707862854004e-01,1.553255468606948853e-01
6.709530949592590332e-01,1.983514904975891113e+00,-4.102026522159576416e-01,1.151228547096252441e+00
1.647949934005737305e+00,7.488584518432617188e-01,1.095241904258728027e+00,1.418184399604797363e+00
7.841288447380065918e-01,7.487125992774963379e-01,-1.164408564567565918e+00,4.228785634040832520e-01
-7.749113440513610840e-01,3.497838079929351807e-01,-1.313193082809448242e+00,2.591336727142333984e+00
-1.284616470336914062e+00,7.421075701713562012e-01,3.247467428445816040e-02,-5.817323327064514160e-01
7.208886146545410156e-01,2.782422117888927460e-02,1.973772287368774414e+00,-9.744797348976135254e-01
1.880872249603271484e-01,3.177811577916145325e-02,-2.258208990097045898e+00,-1.781229496002197266e+00
6.450666189193725586e-01,-7.022271752357482910e-01,3.804433941841125488e-01,1.566485524177551270e+00
4.286707043647766113e-01,-8.795827627182006836e-01,-1.076271891593933105e+00,6.064260005950927734e-01
-1.252539038658142090e+00,-1.776782572269439697e-01,1.461353421211242676e+00,4.364088475704193115e-01
-5.770352110266685486e-02,-1.681379079818725586e+00,-5.075242519378662109e-01,1.653340816497802734e+00
1.050467848777770996e+00,-4.177691787481307983e-02,1.261596083641052246e+00,4.863999783992767334e-02
2.080121077597141266e-02,-1.230862975120544434e+00,-8.922370672225952148e-01,-6.751751154661178589e-02
-1.570865511894226074e+00,-1.194610357284545898e+00,2.325683593750000000e+00,-1.553070452064275742e-02
1.010816454887390137e+00,-1.223685741424560547e+00,1.197077989578247070e+00,4.516015350818634033e-01
-1.152078628540039062e+00,1.216620206832885742e+00,-4.021691977977752686e-01,2.514098882675170898e+00
-5.111322402954101562e-01,-4.583086073398590088e-01,-1.470014333724975586e+00,8.827940821647644043e-01
1.631765067577362061e-01,1.147078514099121094e+00,-1.638062477111816406e+00,2.576402664184570312e+00
5.826141834259033203e-01,-2.976537346839904785e-01,-5.063982680439949036e-02,1.397059559822082520e+00
7.297897934913635254e-01,-1.186893939971923828e+00,1.071840405464172363e+00,9.714429974555969238e-01
-1.065032482147216797e+00,-2.491737455129623413e-01,6.671398282051086426e-01,2.043278932571411133e+00
-1.356859683990478516e+00,1.327577698975801468e-02,1.592916131019592285e+00,-7.728542387485504150e-02
-9.409143328666687012e-01,1.270591914653778076e-01,-8.848933577537536621e-01,3.897003456950187683e-02
-2.355200499296188354e-01,7.900721579790115356e-02,-1.307999134063720703e+00,9.700108766555786133e-01
2.303796410560607910e-01,-9.841066002845764160e-01,-1.199377059936523438e+00,1.219007849693298340e+00
-6.315047144889831543e-01,-1.345726370811462402e+00,-1.573852658271789551e+00,2.056715965270996094e+00
-1.350892305374145508e+00,-1.578675508499145508e+00,-4.887346327304840088e-01,1.497928857803344727e+00
-2.056671857833862305e+00,-6.968500018119812012e-01,6.967232227325439453e-01,7.289294004440307617e-01
-1.301459819078445435e-01,1.961666047573089600e-01,-2.747947216033935547e+00,-2.496203407645225525e-02
-2.087405472993850708e-01,1.372508645057678223e+00,-4.001583158969879150e-01,-5.104793310165405273e-01
7.019794583320617676e-01,5.609431266784667969e-01,-3.110089898109436035e-01,-1.781377673149108887e+00
-5.625932812690734863e-01,8.303884863853454590e-01,-2.521564006805419922e+00,2.497236967086791992e+00
-8.165229558944702148e-01,2.804456651210784912e-01,-4.195734858512878418e-01,8.767868876457214355e-01
1.352776288986206055e+00,1.996357440948486328e-01,6.673284173011779785e-01,7.387501001358032227e-02
-2.036051034927368164e+00,-1.092992424964904785e+00,2.197472095489501953e+00,2.368800878524780273e+00
-8.977335691452026367e-01,-1.367575526237487793e+00,2.346892356872558594e+00,2.652945518493652344e+00
5.935940742492675781e-01,-2.477150410413742065e-01,4.980443120002746582e-01,5.470016598701477051e-01
-5.526757612824440002e-02,-1.956890076398849487e-01,-1.329812288284301758e+00,6.382746696472167969e-01
2.304327249526977539e+00,-9.823877811431884766e-01,-1.532820165157318115e-01,3.127126693725585938e-01
1.052299857139587402e+00,2.274739027023315430e+00,3.479592800140380859e-01,2.575275182723999023e+00
1.891404986381530762e+00,1.043195556849241257e-02,1.263524770736694336e+00,4.350717663764953613e-01
9.880768060684204102e-01,-1.383978962898254395e+00,6.290245056152343750e-01,1.121201440691947937e-01
1.384359300136566162e-01,2.141276597976684570e-01,-1.067295789718627930e+00,-1.383484005928039551e+00
-1.252360939979553223e+00,-3.976257741451263428e-01,4.694941919296979904e-03,-7.414824962615966797e-01
-1.284632921218872070e+00,-2.057960927486419678e-01,3.241784274578094482e-01,-1.777458041906356812e-01
-1.354458093643188477e+00,-1.124479055404663086e+00,2.342944592237472534e-02,6.378164291381835938e-01
-5.998371839523315430e-01,-1.458359241485595703e+00,-1.227765321731567383e+00,1.394665241241455078e-01
2.743434309959411621e-01,3.009661436080932617e-01,-5.788778066635131836e-01,1.495817065238952637e+00
-1.861791253089904785e+00,-2.245004177093505859e+00,8.756037354469299316e-01,2.253062725067138672e-01
-2.058150053024291992e+00,-3.211415410041809082e-01,2.134202480316162109e+00,1.455568552017211914e+00
1.103734493255615234e+00,-1.206605136394500732e-01,9.580189362168312073e-03,4.211909323930740356e-02
-1.273732781410217285e-01,-6.000881195068359375e-01,-2.264907121658325195e+00,5.347104668617248535e-01
-1.163972496986389160e+00,7.681029438972473145e-01,7.622697949409484863e-01,-1.301193833351135254e+00
-9.426418542861938477e-01,2.422893345355987549e-01,-9.331666678190231323e-02,-2.123755455017089844e+00
1.708312869071960449e+00,-5.873325746506452560e-03,5.343187451362609863e-01,5.035760402679443359e-01
8.443167060613632202e-02,-1.111366510391235352e+00,8.716991543769836426e-01,1.727276682853698730e+00
-2.572959959506988525e-01,-6.517591476440429688e-01,-1.163244128227233887e+00,6.054853200912475586e-01
1.657904744148254395e+00,-8.304598331451416016e-01,4.618053734302520752e-01,-4.911510944366455078e-01
5.742217600345611572e-02,6.538013815879821777e-01,-1.351958155632019043e+00,8.110681772232055664e-01
-1.957716345787048340e+00,4.837949872016906738e-01,-7.888201475143432617e-01,3.446038812398910522e-02
1.965734213590621948e-01,-8.877653479576110840e-01,-1.215720415115356445e+00,-4.488598406314849854e-01
-2.849343419075012207e-02,1.964925646781921387e+00,-5.727125406265258789e-01,1.823900580406188965e+00
3.074299395084381104e-01,1.253488659858703613e+00,-1.340948820114135742e+00,-5.264403820037841797e-01
-2.371774613857269287e-01,3.077950477600097656e-01,-2.336688995361328125e+00,-9.014807939529418945e-01
-1.401613950729370117e+00,-8.533858656883239746e-01,1.281369090080261230e+00,1.557378888130187988e+00
8.456600904464721680e-01,1.424109697341918945e+00,-1.114138245582580566e+00,1.262744665145874023e+00
-1.754099503159523010e-02,6.692870259284973145e-01,-2.707365751266479492e+00,3.213079273700714111e-01
-2.258839905261993408e-01,-4.970646798610687256e-01,-2.793113589286804199e-01,2.460701912641525269e-01
-1.376861929893493652e+00,1.598264694213867188e+00,-7.897645235061645508e-01,1.055952310562133789e+00
1.161396354436874390e-01,-3.141371309757232666e-01,-2.567853592336177826e-02,5.446368455886840820e-01
1.643072128295898438e+00,-2.548559308052062988e-01,1.484451144933700562e-01,8.074149489402770996e-01
-2.802298367023468018e-01,-6.600503921508789062e-01,-4.221165478229522705e-01,6.096690893173217773e-01
7.090973258018493652e-01,-2.237754315137863159e-01,-4.853117838501930237e-02,-2.695232331752777100e-01
9.287225604057312012e-01,4.303212761878967285e-01,5.397340655326843262e-01,1.575660943984985352e+00
-1.347594976425170898e+00,7.961441278457641602e-01,-8.638229370117187500e-01,1.916596174240112305e+00
2.420042604207992554e-01,-1.583903074264526367e+00,-3.136919736862182617e-01,2.260183811187744141e+00
8.243252635002136230e-01,1.947305083274841309e+00,6.465285420417785645e-01,2.009489774703979492e+00
2.489046096801757812e+00,1.019667387008666992e+00,8.299066424369812012e-01,7.146009206771850586e-01
-2.399090491235256195e-02,8.676611185073852539e-01,-2.187273979187011719e+00,6.105595231056213379e-01
9.380004405975341797e-01,-6.071466207504272461e-01,1.126964569091796875e+00,8.745334744453430176e-01
-5.448927879333496094e-01,-2.124183923006057739e-01,-6.094427108764648438e-01,1.613343954086303711e+00
8.037911057472229004e-01,1.240018844604492188e+00,3.064918220043182373e-01,2.380219697952270508e+00
1.278961420059204102e+00,-1.133381009101867676e+00,1.397931694984436035e+00,1.897489279508590698e-01
-1.073964834213256836e+00,-7.906888127326965332e-01,-6.665186882019042969e-01,6.131584048271179199e-01
-1.574544191360473633e+00,1.346823692321777344e+00,-8.009528517723083496e-01,2.296181678771972656e+00
3.735649287700653076e-01,-5.473455786705017090e-01,9.899793267250061035e-01,8.729074001312255859e-01
4.951800405979156494e-02,7.470940947532653809e-01,-1.235597968101501465e+00,-1.180450767278671265e-01
-2.439164072275161743e-01,-1.069148540496826172e+00,5.621581673622131348e-01,3.387831151485443115e-01
-2.393813729286193848e-01,-1.666396856307983398e+00,1.506779432296752930e+00,1.993334889411926270e-01
-2.557984113693237305e+00,-4.327621683478355408e-02,-1.259921312332153320e+00,1.575705051422119141e+00
2.351500540971755981e-01,1.292251229286193848e+00,2.906702995300292969e+00,2.276800394058227539e+00
1.277163505554199219e+00,1.172262072563171387e+00,1.557000160217285156e+00,-4.813558608293533325e-02
1.539082407951354980e+00,-6.417610049247741699e-01,1.916378855705261230e+00,3.764683306217193604e-01
1.372193932533264160e+00,5.326859951019287109e-01,-6.541919112205505371e-01,1.144862890243530273e+00
1.394912600517272949e+00,-1.403162330389022827e-01,1.805400609970092773e+00,2.709871292114257812e+00
-5.267015695571899414e-01,1.367051620036363602e-02,-1.891156435012817383e+00,-5.052152872085571289e-01
6.326124668121337891e-01,-1.386720895767211914e+00,-5.109555125236511230e-01,1.237021684646606445e+00
2.669404745101928711e+00,-5.515136718750000000e-01,7.093034386634826660e-01,9.501770138740539551e-01
3.270739793777465820e+00,7.778047323226928711e-01,2.847190856933593750e+00,1.981484413146972656e+00
-1.090659379959106445e+00,-7.256183028221130371e-01,-1.101842373609542847e-01,3.878766894340515137e-01
9.328498840332031250e-01,-8.805941790342330933e-02,9.845814108848571777e-02,-1.207501888275146484e+00
8.288114666938781738e-01,-1.234091967344284058e-01,7.288179993629455566e-01,1.424843519926071167e-01
1.672729969024658203e+00,-2.092784047126770020e-01,2.397312372922897339e-01,-1.641791164875030518e-01
-3.772234618663787842e-01,-7.471097111701965332e-01,-1.288905858993530273e+00,4.946042597293853760e-01
6.524973511695861816e-01,1.871461749076843262e+00,-1.820484280586242676e+00,1.630071759223937988e+00
-9.668932557106018066e-01,-1.118309199810028076e-01,2.342716008424758911e-01,4.492911398410797119e-01
7.367739081382751465e-02,-5.742102265357971191e-01,-2.067355155944824219e+00,1.450531959533691406e+00
1.700302004814147949e+00,1.507679969072341919e-01,1.122358560562133789e+00,-5.107731223106384277e-01
-1.909878253936767578e+00,-1.415229558944702148e+00,1.744822978973388672e+00,6.091037392616271973e-01
-5.152412652969360352e-01,-5.015216469764709473e-01,-5.566331744194030762e-01,-1.135454252362251282e-01
5.752832889556884766e-01,-5.227593705058097839e-02,2.061366587877273560e-01,-1.438086271286010742e+00
-1.596699357032775879e+00,-1.340997099876403809e+00,1.242417097091674805e+00,-4.263681173324584961e-01
-1.746495366096496582e+00,1.824746131896972656e+00,-3.468076884746551514e-01,1.694834113121032715e+00
-2.196727693080902100e-01,-1.078153967857360840e+00,9.774414300918579102e-01,1.236881017684936523e+00
-1.016862988471984863e+00,2.498586326837539673e-01,3.000350296497344971e-02,6.548178195953369141e-01
1.222814798355102539e+00,-7.787800431251525879e-01,2.522293329238891602e-01,1.649073600769042969e+00
-1.890518367290496826e-01,-2.552949488162994385e-01,-9.227718114852905273e-01,-2.567335665225982666e-01
-7.071329355239868164e-01,-2.136473059654235840e-01,-5.623215809464454651e-02,-5.536624789237976074e-02
-6.341812610626220703e-01,-1.126297950744628906e+00,2.109861075878143311e-01,1.683741807937622070e+00
-5.680765509605407715e-01,1.136163473129272461e+00,-1.180634275078773499e-01,2.855386137962341309e-01
9.950252622365951538e-02,-7.018874287605285645e-01,-1.887621134519577026e-01,1.153087973594665527e+00
-5.604201555252075195e-01,4.025483429431915283e-01,-5.427633523941040039e-01,1.168330192565917969e+00
1.589998483657836914e+00,-8.800935745239257812e-02,1.085224747657775879e+00,-1.618802547454833984e-01
9.864654541015625000e-01,5.655051469802856445e-01,8.833335638046264648e-01,-1.433406114578247070e+00
1.136851012706756592e-01,2.950780689716339111e-01,-2.733366191387176514e-01,6.322389245033264160e-01
-2.834365470334887505e-03,1.078497886657714844e+00,-2.422660827636718750e+00,1.808918952941894531e+00
7.761411070823669434e-01,-7.085784673690795898e-01,1.122155308723449707e+00,1.021753787994384766e+00
-1.010156512260437012e+00,8.668420910835266113e-01,-2.781608700752258301e-01,-5.904320478439331055e-01
6.081130504608154297e-01,9.616469144821166992e-01,-6.598324179649353027e-01,1.505386233329772949e+00
2.541813850402832031e+00,1.022641435265541077e-01,1.169395089149475098e+00,-1.243902146816253662e-01
-4.058644473552703857e-01,9.160289764404296875e-01,-2.326489210128784180e+00,1.192136168479919434e+00
1.022872447967529297e+00,3.680969774723052979e-01,1.093793034553527832e+00,-8.671607971191406250e-01
6.187726259231567383e-01,8.068353533744812012e-01,-5.444442629814147949e-01,2.992236375808715820e+00
1.484573632478713989e-01,-5.905545949935913086e-01,-1.776781529188156128e-01,5.377197265625000000e-01
-6.354161500930786133e-01,5.752456784248352051e-01,-4.050743281841278076e-01,-4.766796827316284180e-01
-6.349841952323913574e-01,-2.283488988876342773e+00,3.041210889816284180e+00,5.290457010269165039e-01
-8.844739198684692383e-01,1.735085129737854004e+00,-7.612746208906173706e-02,3.611884593963623047e+00
-6.493099331855773926e-01,1.076380491256713867e+00,-8.483772873878479004e-01,2.648433744907379150e-01
-2.741538286209106445e-01,6.147614866495132446e-02,-9.926924705505371094e-01,2.872994244098663330e-01
-7.873690724372863770e-01,5.853624343872070312e-01,-3.007897138595581055e+00,1.641058087348937988e+00
-2.996661663055419922e-01,8.660589456558227539e-01,-2.319035768508911133e+00,2.596508979797363281e+00
-3.154319524765014648e-02,-6.182866096496582031e-01,-1.671235680580139160e+00,-1.293151855468750000e+00
-7.441316843032836914e-01,8.253584504127502441e-01,-1.058481216430664062e+00,8.646074533462524414e-01
1.933325886726379395e+00,2.242961823940277100e-01,1.815841197967529297e+00,-4.874587059020996094e-01
2.922377884387969971e-01,-2.567458450794219971e-01,4.749507009983062744e-01,-1.846788227558135986e-01
-1.067506909370422363e+00,1.075334906578063965e+00,1.434312939643859863e+00,5.676521062850952148e-01
2.197629362344741821e-01,-1.131820321083068848e+00,1.888722300529479980e+00,9.894244074821472168e-01
7.175016403198242188e-01,-3.297189772129058838e-01,-1.156734943389892578e+00,1.176927924156188965e+00
1.269461363554000854e-01,-2.487993985414505005e-01,-3.450943231582641602e-01,2.302812337875366211e+00
7.709453105926513672e-01,-2.403867989778518677e-01,1.723874807357788086e+00,3.739790916442871094e-01
2.549646794795989990e-01,-1.830380111932754517e-01,5.284220352768898010e-02,1.352618336677551270e+00
5.520778894424438477e-01,6.667250394821166992e-02,-1.082879424095153809e+00,-1.287536263465881348e+00
-1.655015468597412109e+00,-6.194627881050109863e-01,1.532606720924377441e+00,-5.602078437805175781e-01
-3.464626371860504150e-01,-1.391176879405975342e-01,-2.315549612045288086e+00,2.186685651540756226e-01
-1.231121063232421875e+00,1.973966121673583984e+00,-9.938345551490783691e-01,2.673337697982788086e+00
-5.662290453910827637e-01,-4.721177816390991211e-01,1.646203637123107910e+00,-9.399752132594585419e-03
9.429553747177124023e-01,-3.032139241695404053e-01,1.573228836059570312e-01,1.147250533103942871e+00
-5.621086359024047852e-01,-8.786472678184509277e-01,-5.458219051361083984e-01,1.918062329292297363e+00
-2.547499895095825195e+00,-2.673520706593990326e-02,1.454811453819274902e+00,5.083023905754089355e-01
-1.315590143203735352e+00,2.197010666131973267e-01,-9.434590339660644531e-01,1.310707211494445801e+00
2.111282944679260254e-01,-5.137498974800109863e-01,-6.784920692443847656e-01,3.328950881958007812e+00
-1.245630145072937012e+00,1.539972901344299316e+00,5.373134464025497437e-02,1.424430370330810547e+00
-1.722339689731597900e-01,1.209723830223083496e+00,4.841391444206237793e-01,3.294321537017822266e+00
-1.262329339981079102e+00,5.373231172561645508e-01,5.766506195068359375e-01,7.174812555313110352e-01
-8.388876914978027344e-01,1.073573082685470581e-01,5.339777469635009766e-02,1.715315341949462891e+00
2.160842418670654297e-01,7.675741314888000488e-01,-8.806467652320861816e-01,1.487382531166076660e+00
1.233305931091308594e+00,-1.757633872330188751e-02,-2.469155192375183105e-01,7.387256249785423279e-03
-1.042211651802062988e+00,-1.413256168365478516e+00,-1.361761540174484253e-01,1.770715355873107910e+00
-7.694552540779113770e-01,1.755036972463130951e-02,1.240711212158203125e+00,-3.409771025180816650e-01
-1.689590513706207275e-02,9.362059086561203003e-02,-3.160654067993164062e+00,1.505769610404968262e+00
-2.548376619815826416e-01,-4.437950253486633301e-01,1.266250967979431152e+00,-2.333667576313018799e-01
1.911412328481674194e-01,-9.037761688232421875e-01,-7.685978412628173828e-01,9.023851752281188965e-01
9.669118374586105347e-02,-2.187840700149536133e+00,-6.695567965507507324e-01,3.891009688377380371e-01
4.213918447494506836e-01,3.666205406188964844e-01,3.576177060604095459e-01,-7.376244068145751953e-01
-5.253527760505676270e-01,-1.713705539703369141e+00,9.452397227287292480e-01,2.035998821258544922e+00
1.483036279678344727e+00,-1.931744813919067383e-01,2.912444114685058594e+00,5.324942469596862793e-01
1.444703638553619385e-01,-7.995375990867614746e-01,-1.967840671539306641e+00,7.813867181539535522e-02
6.450291872024536133e-01,6.818407177925109863e-01,-1.718160152435302734e+00,1.161548376083374023e+00
-1.795010209083557129e+00,-3.920126557350158691e-01,1.451352387666702271e-01,2.615762233734130859e+00
2.468152493238449097e-01,-4.412043392658233643e-01,1.092802524566650391e+00,2.018125057220458984e+00
-6.188032627105712891e-01,1.005551457405090332e+00,-3.663826286792755127e-01,-1.160058453679084778e-01
4.747946858406066895e-01,9.859435558319091797e-01,1.694126725196838379e-01,-8.646891713142395020e-01
-4.974424540996551514e-01,-1.274272441864013672e+00,-1.082343459129333496e+00,1.433578491210937500e+00
-5.037289857864379883e-01,1.025190949440002441e+00,-3.356850624084472656e+00,1.568337798118591309e+00
5.936814546585083008e-01,8.071017265319824219e-02,-1.768799185752868652e+00,-1.106873631477355957e+00
-1.211949944496154785e+00,-1.176302507519721985e-02,-5.346743464469909668e-01,-7.937002182006835938e-01
1.357138156890869141e+00,9.464994817972183228e-02,2.033133506774902344e+00,6.558950543403625488e-01
-6.453334093093872070e-01,-7.217140793800354004e-01,-6.056067943572998047e-01,1.801210880279541016e+00
5.664498805999755859e-01,-3.185861408710479736e-01,6.958493590354919434e-01,-1.338885545730590820e+00
-3.322035074234008789e-01,3.296698331832885742e+00,-3.921659290790557861e-01,1.343163490295410156e+00
8.463832139968872070e-01,-1.117527604103088379e+00,1.159499406814575195e+00,-1.853526681661605835e-01
-1.057132892310619354e-02,-1.633008003234863281e+00,7.292797565460205078e-01,9.147624969482421875e-01
1.496293187141418457e+00,2.597930431365966797e-01,1.833898544311523438e+00,-4.886893928050994873e-01
-2.696186602115631104e-01,1.056524366140365601e-01,3.672459721565246582e-02,2.751189768314361572e-01
-1.985733658075332642e-01,-5.628255009651184082e-01,6.062445044517517090e-01,-1.013036847114562988e+00
1.447803616523742676e+00,1.238605618476867676e+00,1.388454318046569824e+00,2.154883146286010742e+00
8.335268497467041016e-01,1.261687427759170532e-01,1.985559463500976562e+00,5.673718452453613281e-01
5.324601531028747559e-01,-1.441687494516372681e-01,6.602948904037475586e-02,8.603156805038452148e-01
4.166955351829528809e-01,-4.607297480106353760e-01,-1.959476619958877563e-01,1.188798189163208008e+00
2.518726140260696411e-02,2.800091505050659180e+00,-1.813894271850585938e+00,1.916015625000000000e+00
-6.559423208236694336e-01,5.873409509658813477e-01,-1.008742928504943848e+00,1.362177968025207520e+00
-1.005051612854003906e+00,-5.380296111106872559e-01,-2.014103531837463379e-01,6.792032718658447266e-01
7.578729987144470215e-01,-6.939232349395751953e-01,-2.218717783689498901e-01,3.046963214874267578e+00
-1.414893269538879395e+00,6.143873333930969238e-01,-6.592312455177307129e-01,5.413952469825744629e-01
1.083247184753417969e+00,-1.747269928455352783e-01,1.590884685516357422e+00,2.611718177795410156e-01
5.919567942619323730e-01,6.658118367195129395e-01,-1.982849121093750000e+00,1.067210674285888672e+00
5.083060860633850098e-01,-5.747438073158264160e-01,1.121731519699096680e+00,3.291082084178924561e-01
7.363278269767761230e-01,4.377892315387725830e-01,8.343483805656433105e-01,-7.887488007545471191e-01
1.373741745948791504e+00,-3.620171844959259033e-01,1.482189655303955078e+00,-1.515198945999145508e-01
-1.696219682693481445e+00,-4.521107375621795654e-01,1.685518383979797363e+00,-4.509432613849639893e-02
2.734473049640655518e-01,-2.325247377157211304e-01,-1.270766854286193848e+00,9.576475024223327637e-01
-1.462988853454589844e+00,1.150907278060913086e+00,-3.786234557628631592e-01,6.871636509895324707e-01
-5.450499057769775391e-01,1.399350404739379883e+00,-9.992691874504089355e-01,9.552741050720214844e-01
1.245742291212081909e-01,2.409724473953247070e+00,-1.291898965835571289e+00,3.106144428253173828e+00
-7.973294854164123535e-01,-1.183942198753356934e+00,1.104817152023315430e+00,5.097491741180419922e-01
9.073805212974548340e-01,-7.567884922027587891e-01,-2.494912296533584595e-01,1.538665413856506348e+00
2.335323095321655273e-01,-1.708601355552673340e+00,1.585677027702331543e+00,3.293871581554412842e-01
-1.496002078056335449e-01,1.162205934524536133e+00,8.427754044532775879e-01,5.643872618675231934e-01
-5.088604688644409180e-01,-5.436549708247184753e-02,-1.481026172637939453e+00,1.914212584495544434e+00
-1.338010787963867188e+00,-1.899675488471984863e+00,3.007423639297485352e+00,3.460723161697387695e-01
1.146765947341918945e+00,1.032238006591796875e+00,1.204073071479797363e+00,1.542398452758789062e+00
-5.201724767684936523e-01,-1.462631672620773315e-01,-3.760927915573120117e-01,6.319196820259094238e-01
-6.933382153511047363e-01,7.994973063468933105e-01,-1.238745212554931641e+00,4.728903174400329590e-01
7.452716827392578125e-01,-1.840036958456039429e-01,7.119233012199401855e-01,-1.297701597213745117e+00
4.899214804172515869e-01,-1.023541331291198730e+00,-4.002946615219116211e-01,3.392233133316040039e+00
-5.619491338729858398e-01,1.988030433654785156e+00,-2.571520328521728516e+00,1.962284684181213379e+00
-6.565101742744445801e-01,-1.209496617317199707e+00,1.907067596912384033e-01,2.087543487548828125e+00
6.482766866683959961e-01,-7.406181693077087402e-01,2.412729263305664062e-01,3.814013898372650146e-01
-6.570229530334472656e-01,5.258225798606872559e-01,-4.343146979808807373e-01,1.267079710960388184e+00
-1.168400123715400696e-01,1.024607300758361816e+00,-1.477744817733764648e+00,1.456948757171630859e+00
-3.326003625988960266e-02,-7.107037305831909180e-01,-4.626469314098358154e-01,4.617403149604797363e-01
-1.506194591522216797e+00,-6.073647737503051758e-02,1.687400102615356445e+00,2.566185593605041504e-01
9.039605855941772461e-01,-1.098899960517883301e+00,2.049827337265014648e+00,2.375913709402084351e-01
1.105356216430664062e+00,-1.243052721023559570e+00,3.585761070251464844e+00,1.210679888725280762e+00
1.817143201828002930e+00,-2.442765086889266968e-01,2.176930904388427734e+00,1.240700364112854004e+00
-1.495459556579589844e+00,1.772894382476806641e+00,6.839564442634582520e-01,7.997179031372070312e-01
-4.680157303810119629e-01,1.422415077686309814e-01,-1.045787811279296875e+00,9.945727139711380005e-02
5.023423954844474792e-02,1.086682796478271484e+00,-2.029766321182250977e+00,5.167226791381835938e-01
-7.344521116465330124e-03,6.011818647384643555e-01,-2.115326642990112305e+00,-2.505820989608764648e-01
6.347478032112121582e-01,-3.147252500057220459e-01,-5.827024579048156738e-01,2.215855836868286133e+00
-6.127837300300598145e-01,-9.564180374145507812e-01,7.952573895454406738e-01,2.755033016204833984e+00
-2.800620496273040771e-01,-1.105514049530029297e+00,-1.423091411590576172e+00,1.861010193824768066e-01
1.128035783767700195e-02,-3.122751414775848389e-01,8.653726577758789062e-01,1.303893089294433594e+00
1.182055354118347168e+00,-1.561661839485168457e+00,2.000487327575683594e+00,8.090170472860336304e-02
2.505814790725708008e+00,1.123894691467285156e+00,3.278951406478881836e+00,2.225788116455078125e+00
-1.069875001907348633e+00,-1.453107237815856934e+00,7.538396716117858887e-01,-1.055976510047912598e+00
9.183827638626098633e-01,2.311144210398197174e-02,8.743520975112915039e-01,-1.270327329635620117e+00
-1.383863925933837891e+00,-2.678185939788818359e+00,1.633018732070922852e+00,-3.149952888488769531e-01
6.994752883911132812e-01,8.205987811088562012e-01,8.647308945655822754e-01,2.451841115951538086e+00
-3.468924462795257568e-01,-1.359063863754272461e+00,-1.264368891716003418e-01,-6.682701408863067627e-02
-5.335383415222167969e-01,8.633271455764770508e-01,-5.703717470169067383e-01,1.577970504760742188e+00
1.543473243713378906e+00,8.103954792022705078e-02,1.413554668426513672e+00,7.555076479911804199e-01
-9.377762675285339355e-01,9.278323650360107422e-01,-1.632429242134094238e+00,5.721502304077148438e-01
-6.311607956886291504e-01,5.377601981163024902e-01,1.991915106773376465e-01,1.867664009332656860e-01
1.782460689544677734e+00,-1.033309940248727798e-02,-9.791176915168762207e-01,1.280603170394897461e+00
-7.928720712661743164e-01,-7.424193620681762695e-02,-5.171099901199340820e-01,-6.192988157272338867e-01
3.083466887474060059e-01,-3.159455657005310059e-01,4.829781353473663330e-01,-3.430145680904388428e-01
-1.657996416091918945e+00,5.772617459297180176e-01,-4.739673733711242676e-01,-6.544012427330017090e-01
-6.243739724159240723e-01,5.801881551742553711e-01,-9.310536980628967285e-01,-3.790923953056335449e-01
-1.362932324409484863e-01,7.450939714908599854e-02,-1.270850777626037598e+00,-6.148129105567932129e-01
1.830080747604370117e+00,-3.817931711673736572e-01,1.075906395912170410e+00,1.357360184192657471e-01
-1.804041743278503418e+00,1.090861678123474121e+00,3.181061446666717529e-01,4.276128113269805908e-01
-1.547977447509765625e+00,-5.556698441505432129e-01,1.005592584609985352e+00,6.392462253570556641e-01
3.145323991775512695e-01,-4.803223907947540283e-01,-1.390589714050292969e+00,2.983397006988525391e+00
-9.532365202903747559e-01,4.079317152500152588e-01,1.473280191421508789e+00,1.032922625541687012e+00
-5.639055967330932617e-01,5.096281766891479492e-01,-2.576242923736572266e+00,-1.646343469619750977e+00
6.915949583053588867e-01,-1.345916092395782471e-02,3.663465678691864014e-01,3.221727371215820312e+00
-1.767228245735168457e-01,5.069274902343750000e-01,-2.014474868774414062e+00,-1.017622232437133789e+00
7.664518356323242188e-01,-9.501860141754150391e-01,2.279047727584838867e+00,1.104564785957336426e+00
1.093936085700988770e+00,8.341974616050720215e-01,-1.726244926452636719e+00,1.950389027595520020e+00
-8.796104788780212402e-01,8.348355442285537720e-02,7.274833321571350098e-01,1.723697900772094727e+00
-3.326829671859741211e-01,-1.695728302001953125e+00,1.415146350860595703e+00,2.145009674131870270e-02
-1.076544165611267090e+00,1.482956558465957642e-01,-9.934917092323303223e-01,-6.361573934555053711e-01
6.820933818817138672e-01,-7.041539549827575684e-01,6.130133271217346191e-01,1.677233695983886719e+00
6.739953756332397461e-01,-4.563802182674407959e-01,6.922184228897094727e-01,2.069633245468139648e+00
1.858305335044860840e-01,-5.043342709541320801e-01,-1.593359947204589844e+00,1.152427196502685547e+00
-1.391919255256652832e+00,-3.862528596073389053e-03,6.916748285293579102e-01,1.755625963211059570e+00
-1.268366724252700806e-01,1.144554018974304199e+00,-8.556302636861801147e-02,-8.768766373395919800e-02
-3.496574163436889648e-01,-2.261406421661376953e+00,1.070322751998901367e+00,7.985891401767730713e-02
1.452040076255798340e-01,-1.417458057403564453e+00,3.968683779239654541e-01,1.110262513160705566e+00
1.341119289398193359e+00,-2.128593921661376953e-01,9.543071389198303223e-01,9.508091211318969727e-01
8.298917114734649658e-02,-1.114324256777763367e-01,-4.934871494770050049e-01,3.541245460510253906e-01
-2.578580081462860107e-01,-5.829429030418395996e-01,-7.592141032218933105e-01,1.143083095550537109e+00
5.525568723678588867e-01,-3.526650369167327881e-01,-2.797069773077964783e-02,1.254201769828796387e+00
-4.502166807651519775e-01,-6.142378970980644226e-02,-2.884759187698364258e+00,-4.221306741237640381e-01
-1.708811163902282715e+00,-2.927667200565338135e-01,5.117725729942321777e-01,1.125748634338378906e+00
-2.747783064842224121e-01,1.678566932678222656e+00,-9.756751358509063721e-02,1.284863471984863281e+00
1.132373884320259094e-01,-1.413219720125198364e-01,-5.863760039210319519e-02,-1.156632304191589355e+00
-1.183911919593811035e+00,1.096039414405822754e+00,-1.385954618453979492e+00,2.907532215118408203e+00
-2.260608744109049439e-04,5.320724844932556152e-01,-2.740714848041534424e-01,1.082802534103393555e+00
2.427029013633728027e-01,-9.272171854972839355e-01,8.933817744255065918e-01,2.060836315155029297e+00
1.351767659187316895e+00,-4.583542048931121826e-01,1.549886345863342285e+00,-2.271472811698913574e-01
8.089773654937744141e-01,2.039894104003906250e+00,-6.189957857131958008e-01,1.826642274856567383e+00
1.460102915763854980e+00,-2.762930393218994141e-01,2.540012121200561523e+00,2.038936363533139229e-03
3.057501316070556641e-01,-6.903558373451232910e-01,1.085614442825317383e+00,1.040395617485046387e+00
1.772805571556091309e+00,2.250692099332809448e-01,2.803705453872680664e+00,-3.190248608589172363e-01
-7.354290485382080078e-01,7.773920893669128418e-01,5.466765165328979492e-01,9.098384380340576172e-01
3.381040394306182861e-01,1.591469168663024902e+00,-8.016448616981506348e-01,3.634929656982421875e+00
1.125547885894775391e-01,-6.796493530273437500e-01,3.983355760574340820e-01,2.299768686294555664e+00
-2.933209836483001709e-01,-1.308877110481262207e+00,1.298956871032714844e+00,1.252821207046508789e+00
1.473866105079650879e+00,2.686017453670501709e-01,1.729983210563659668e+00,1.301369667053222656e+00
1.083001732826232910e+00,-1.545849204063415527e+00,1.567372322082519531e+00,1.595739364624023438e+00
-8.534045219421386719e-01,-8.531051278114318848e-01,5.552085638046264648e-01,5.700118541717529297e-01
-5.293468236923217773e-01,1.860094428062438965e+00,-5.361366271972656250e-01,2.047455072402954102e+00
-2.550300955772399902e-01,-2.675883769989013672e+00,-1.003119945526123047e-01,9.032063484191894531e-01
3.817022740840911865e-01,2.444237917661666870e-01,-2.089307308197021484e+00,7.549332976341247559e-01
8.145101666450500488e-01,1.525792121887207031e+00,7.261101603507995605e-01,2.338138341903686523e+00
-1.067375484853982925e-02,5.251327753067016602e-01,-3.138621091842651367e+00,-1.122607946395874023e+00
2.512057125568389893e-01,-8.019523620605468750e-01,6.137759685516357422e-01,1.329522013664245605e+00
7.491433024406433105e-01,-1.037736415863037109e+00,1.917187213897705078e+00,1.632057666778564453e+00
-2.192887783050537109e+00,1.423468887805938721e-01,1.142290353775024414e+00,8.642969131469726562e-01
-7.795199751853942871e-01,-1.755871415138244629e+00,2.350629806518554688e+00,-7.813026309013366699e-01
1.872949600219726562e+00,-1.803144067525863647e-01,1.292312860488891602e+00,-2.184183709323406219e-02
5.138213932514190674e-02,1.267492771148681641e-01,-4.967561662197113037e-01,9.764857888221740723e-01
6.641116142272949219e-01,-4.974421858787536621e-01,8.888404071331024170e-02,1.073977351188659668e+00
1.280688166618347168e+00,1.733460187911987305e+00,-1.185100793838500977e+00,3.856082677841186523e+00
1.976465284824371338e-01,-6.378616094589233398e-01,-2.270451307296752930e+00,2.742938697338104248e-01
1.154119610786437988e+00,-8.306590914726257324e-01,1.345600485801696777e+00,8.134899735450744629e-01
-1.105475068092346191e+00,-1.889927536249160767e-01,3.558063805103302002e-01,7.577564716339111328e-01
-1.875039696693420410e+00,-7.022067308425903320e-01,1.124443054199218750e+00,2.287893772125244141e+00
7.753916978836059570e-01,1.981816887855529785e-01,-1.780936598777770996e+00,6.500627398490905762e-01
-6.318076252937316895e-01,8.897323608398437500e-01,-6.596205830574035645e-01,4.980058670043945312e-01
1.063609048724174500e-01,-5.286590456962585449e-01,-1.559494972229003906e+00,1.298177123069763184e+00
-1.123933553695678711e+00,-4.657208919525146484e-01,8.273602128028869629e-01,1.241590619087219238e+00
-3.756956756114959717e-02,4.982292950153350830e-01,2.389516979455947876e-01,-5.968761444091796875e-01
-5.609292387962341309e-01,-1.422747015953063965e+00,1.376596838235855103e-01,2.836464881896972656e+00
1.013518691062927246e+00,-6.713134646415710449e-01,6.042315363883972168e-01,-3.782494068145751953e-01
-2.275395989418029785e-01,2.603017091751098633e-01,-1.818218588829040527e+00,4.174029529094696045e-01
7.581849098205566406e-01,-1.204786419868469238e+00,1.173651218414306641e+00,-1.062728404998779297e+00
1.085096836090087891e+00,-2.940950691699981689e-01,1.109099268913269043e+00,-2.645062506198883057e-01
-3.377773761749267578e-01,-3.899896442890167236e-01,-3.878539055585861206e-02,1.810433417558670044e-01
8.091726899147033691e-01,1.537017703056335449e+00,-9.850232005119323730e-01,1.459493756294250488e+00
-7.007793188095092773e-01,-7.840789556503295898e-01,8.690255284309387207e-01,2.378047943115234375e+00
-6.585111021995544434e-01,-1.843164205551147461e+00,-4.887082278728485107e-01,2.638790905475616455e-01
5.405981540679931641e-01,3.649993240833282471e-02,1.110818386077880859e-01,8.762183785438537598e-01
1.769285559654235840e+00,-1.335597276687622070e+00,1.343906641006469727e+00,2.711446046829223633e+00
-1.326522678136825562e-01,-1.391314744949340820e+00,9.345795512199401855e-01,-1.225066091865301132e-02
-1.315849542617797852e+00,-1.527631888166069984e-03,-5.418850779533386230e-01,1.363963246345520020e+00
1.347099691629409790e-01,4.639134705066680908e-01,-1.651197791099548340e+00,8.585717529058456421e-02
-2.955985546112060547e+00,3.529950678348541260e-01,-1.986166000366210938e+00,2.771470546722412109e-01
-4.437918066978454590e-01,-1.532727479934692383e+00,-1.669266521930694580e-01,1.701799035072326660e+00
-4.403280839323997498e-02,-2.083148717880249023e+00,1.249190330505371094e+00,4.131805896759033203e-01
-8.635093569755554199e-01,-2.008112907409667969e+00,1.128350496292114258e+00,1.663945436477661133e+00
3.494802415370941162e-01,-5.756894350051879883e-01,1.545082479715347290e-01,2.348154485225677490e-01
2.916056215763092041e-01,-1.061306223273277283e-01,-2.074988633394241333e-01,7.284802198410034180e-01
-9.415664672851562500e-01,-1.511308670043945312e+00,1.025846004486083984e+00,5.205355882644653320e-01
1.023308277130126953e+00,6.985317468643188477e-01,-7.166048884391784668e-01,7.372348308563232422e-01
2.315201014280319214e-01,8.023127168416976929e-02,-6.373876333236694336e-02,-4.286745786666870117e-01
1.401655912399291992e+00,2.145509958267211914e+00,1.149554371833801270e+00,2.043556213378906250e+00
1.164522647857666016e+00,-6.187863647937774658e-02,6.564434170722961426e-01,1.313858151435852051e+00
-2.004997581243515015e-01,-9.158651828765869141e-01,-1.494945406913757324e+00,1.674347758293151855e+00
2.340665817260742188e+00,-6.105234622955322266e-01,2.312343358993530273e+00,2.029444456100463867e+00
-1.088164567947387695e+00,1.640077948570251465e+00,-4.070717096328735352e-01,3.075851440429687500e+00
1.977940052747726440e-01,-1.301704406738281250e+00,-4.698715507984161377e-01,-3.334652781486511230e-01
1.650833934545516968e-01,1.351185441017150879e-01,1.733594387769699097e-01,5.421193242073059082e-01
-4.483171999454498291e-01,-1.186809688806533813e-01,-3.166485428810119629e-01,1.210391893982887268e-01
-2.706323266029357910e-01,-9.512492418289184570e-01,-3.637152165174484253e-02,4.129317998886108398e-01
-1.833569109439849854e-01,-7.310715317726135254e-01,8.235167860984802246e-01,1.232875823974609375e+00
4.751055240631103516e-01,4.829376637935638428e-01,-7.752640843391418457e-01,-2.500900506973266602e+00
3.405518531799316406e-01,8.671263456344604492e-01,-9.692087769508361816e-01,-3.564588725566864014e-02
-6.335013508796691895e-01,5.958547592163085938e-01,-1.527386605739593506e-01,1.118123412132263184e+00
-1.281252145767211914e+00,1.448069214820861816e+00,-1.522144913673400879e+00,7.050756812095642090e-01
-6.019206047058105469e-01,4.911808371543884277e-01,-1.258844017982482910e+00,1.926231622695922852e+00
1.531947374343872070e+00,-1.123457774519920349e-01,8.892319202423095703e-01,-6.052870154380798340e-01
-7.096388936042785645e-01,1.622484922409057617e+00,-2.821352720260620117e+00,2.037678003311157227e+00
1.868855953216552734e+00,1.019042506814002991e-01,2.628733873367309570e+00,-1.457960247993469238e+00
-1.012464404106140137e+00,8.046829700469970703e-01,-3.430491089820861816e-01,2.429366409778594971e-01
9.076736122369766235e-02,2.042359828948974609e+00,8.670593798160552979e-02,2.174991130828857422e+00
-1.477775216102600098e+00,4.169672727584838867e-01,-2.082807943224906921e-02,1.690892457962036133e+00
8.428551256656646729e-02,-1.397028267383575439e-01,-5.707365870475769043e-01,4.795924127101898193e-01
3.452641963958740234e-01,6.870361566543579102e-01,-2.425538063049316406e+00,7.528654932975769043e-01
-2.355916351079940796e-01,-2.068153470754623413e-01,-1.058166146278381348e+00,2.087989449501037598e-01
-8.850111067295074463e-02,-2.076798439025878906e+00,3.514872789382934570e+00,1.545497179031372070e+00
1.572288721799850464e-01,-1.288563489913940430e+00,1.240522384643554688e+00,9.297001361846923828e-01
-2.832474708557128906e-01,-9.152411818504333496e-01,1.695071578025817871e+00,1.034175038337707520e+00
1.617937564849853516e+00,-5.959800481796264648e-01,2.977066993713378906e+00,-8.319560438394546509e-02
-2.868843078613281250e-01,4.213097989559173584e-01,-1.860173940658569336e+00,1.701096773147583008e+00
8.325958251953125000e-01,1.302954405546188354e-01,-4.211407005786895752e-01,-3.085995092988014221e-02
3.501978814601898193e-01,-8.940146565437316895e-01,-5.827295780181884766e-01,6.163938045501708984e-01
-2.156441211700439453e+00,-2.024763345718383789e+00,1.163591623306274414e+00,1.165703177452087402e+00
8.994569182395935059e-01,2.696291506290435791e-01,5.672689676284790039e-01,6.235359907150268555e-01
-5.283871665596961975e-02,-3.514946103096008301e-01,1.004748225212097168e+00,5.618763566017150879e-01
-9.059430956840515137e-01,-3.629567921161651611e-01,1.742857098579406738e+00,-2.317751407623291016e+00
-1.123066663742065430e+00,-9.753101319074630737e-02,5.122175216674804688e-01,-1.273161411285400391e+00
-2.179407030344009399e-01,-1.268913388252258301e+00,8.910802602767944336e-01,6.995211839675903320e-01
4.406468272209167480e-01,-9.530767798423767090e-01,5.405178666114807129e-01,2.990787744522094727e+00
-3.677174150943756104e-01,-4.618452861905097961e-02,-2.061473846435546875e+00,-6.237435936927795410e-01
-2.758729457855224609e-01,4.615100920200347900e-01,-2.505734682083129883e+00,1.345002532005310059e+00
4.118959903717041016e-01,-1.019794106483459473e+00,2.165138006210327148e+00,8.427937626838684082e-01
1.204349398612976074e+00,-4.638037383556365967e-01,6.615405678749084473e-01,1.209903597831726074e+00
2.368754386901855469e+00,-5.469377711415290833e-02,8.705782294273376465e-01,2.896050512790679932e-01
5.276983380317687988e-01,1.230722427368164062e+00,2.521257400512695312e-01,1.363064408302307129e+00
-2.485450267791748047e+00,-1.003373339772224426e-01,8.283306956291198730e-01,-2.004799842834472656e-01
-2.705790698528289795e-01,2.284024953842163086e-01,3.199911415576934814e-01,1.786736965179443359e+00
-6.734650135040283203e-01,1.549295783042907715e+00,-1.906880378723144531e+00,1.384121060371398926e+00
5.673729181289672852e-01,5.122432708740234375e-01,-1.723315358161926270e+00,1.079823151230812073e-01
-1.065407395362854004e+00,-4.004784822463989258e-01,-1.389528036117553711e+00,-1.395466625690460205e-01
3.268040716648101807e-01,8.944891393184661865e-02,-1.041963100433349609e+00,8.013788461685180664e-01
-8.011201024055480957e-01,1.514287114143371582e+00,7.630035281181335449e-01,1.291703343391418457e+00
3.338403403759002686e-01,8.618250489234924316e-01,-6.038331985473632812e-01,3.236721992492675781e+00
-2.173675745725631714e-01,-1.917928457260131836e-02,-1.552825212478637695e+00,2.616274636238813400e-03
-9.295527338981628418e-01,1.265683054924011230e+00,-4.492240846157073975e-01,2.252329349517822266e+00
-5.985389947891235352e-01,2.583714723587036133e-01,-6.853561401367187500e-01,6.668102145195007324e-01
2.096476256847381592e-01,1.970142483711242676e+00,-8.984903693199157715e-01,1.346732020378112793e+00
-4.485587477684020996e-01,-1.398942666128277779e-03,-1.933907389640808105e+00,1.494779706001281738e+00
-9.104415774345397949e-01,-5.479994416236877441e-01,-4.356232285499572754e-01,-5.876163840293884277e-01
-2.117084562778472900e-01,-1.293574333190917969e+00,2.057873159646987915e-01,2.260917186737060547e+00
4.770579338073730469e-01,-2.953038513660430908e-01,1.405629813671112061e-01,-1.365915536880493164e+00
7.826560735702514648e-01,-5.952497124671936035e-01,1.872625112533569336e+00,3.330924510955810547e-01
5.623814463615417480e-01,-4.750298261642456055e-01,-1.328594565391540527e+00,5.244393944740295410e-01
8.099714517593383789e-01,3.254189193248748779e-01,-4.535069465637207031e-01,-1.154655888676643372e-01
-5.068222284317016602e-01,-1.191969156265258789e+00,-2.242111265659332275e-01,1.163374066352844238e+00
-1.202829599380493164e+00,1.810100823640823364e-01,-8.147871494293212891e-01,1.821328401565551758e+00
-6.083917617797851562e-01,-1.111292004585266113e+00,1.824441432952880859e+00,1.040088415145874023e+00
-1.051632463932037354e-01,1.396830201148986816e+00,-1.869874477386474609e+00,1.452203392982482910e+00
1.995832324028015137e-01,1.742006063461303711e+00,9.093413352966308594e-01,3.808238744735717773e+00
-6.030636429786682129e-01,2.352290302515029907e-01,4.910092055797576904e-02,3.058330416679382324e-01
5.001474618911743164e-01,1.181888699531555176e+00,1.955802798271179199e+00,-2.774184048175811768e-01
5.390056371688842773e-01,-8.452484011650085449e-01,-6.890509724617004395e-01,1.419207215309143066e+00
2.779815196990966797e-01,1.594059728085994720e-02,-4.115025103092193604e-01,3.106015175580978394e-02
-7.421419620513916016e-01,-9.238218665122985840e-01,-1.069701790809631348e+00,-2.179339379072189331e-01
1.076987981796264648e+00,6.676101088523864746e-01,1.155000925064086914e+00,-2.009247541427612305e-01
9.354677796363830566e-01,-7.448084354400634766e-01,-4.907976090908050537e-01,1.539091110229492188e+00
-1.687336325645446777e+00,6.422834992408752441e-01,-2.373504340648651123e-01,1.163840889930725098e+00
-2.493172645568847656e+00,7.863949537277221680e-01,-3.946060836315155029e-01,-7.297018766403198242e-01
1.234257370233535767e-01,1.029213741421699524e-01,-1.655751168727874756e-01,-3.002367019653320312e-01
1.599729299545288086e+00,-7.205981016159057617e-01,7.896746993064880371e-01,1.625082731246948242e+00
-5.400911569595336914e-01,-1.801273107528686523e+00,1.047247499227523804e-01,1.630698323249816895e+00
1.543598175048828125e+00,-7.204159349203109741e-02,-3.901457488536834717e-01,9.528821110725402832e-01
-4.729909300804138184e-01,3.653126657009124756e-01,-2.418322324752807617e+00,1.470864892005920410e+00
-6.223591566085815430e-01,-1.810603857040405273e+00,5.324628949165344238e-01,-4.990703761577606201e-01
-6.100522875785827637e-01,3.335955440998077393e-01,-1.275869488716125488e+00,-4.504061043262481689e-01
-9.976658225059509277e-01,-1.196899175643920898e+00,-1.158705592155456543e+00,1.226499915122985840e+00
-9.348446130752563477e-01,-2.469863593578338623e-01,5.041775852441787720e-02,-1.326879024505615234e+00
-6.891308426856994629e-01,-1.777591705322265625e+00,1.197494387626647949e+00,1.071772798895835876e-01
5.407987236976623535e-01,-2.253816366195678711e+00,1.276619791984558105e+00,9.438270330429077148e-01
5.019596964120864868e-02,2.173558771610260010e-01,-1.359515666961669922e+00,1.229355707764625549e-01
6.893785595893859863e-01,1.199188828468322754e+00,1.904595494270324707e-01,2.589025735855102539e+00
-4.005604237318038940e-02,-2.888510562479496002e-02,-6.237341556698083878e-03,2.459941387176513672e+00
-9.145458936691284180e-01,-3.554274141788482666e-01,-5.311699509620666504e-01,1.502596020698547363e+00
-7.916047573089599609e-01,6.302776336669921875e-01,-1.916422843933105469e+00,2.391700983047485352e+00
2.025654464960098267e-01,3.196063041687011719e-01,-3.167078495025634766e-01,-9.782494902610778809e-01
1.806863784790039062e+00,-1.106338024139404297e+00,1.469959020614624023e+00,1.314154028892517090e+00
-1.663444638252258301e-01,6.185264587402343750e-01,-1.742945313453674316e+00,1.027784824371337891e+00
7.612549662590026855e-01,-3.030932545661926270e-01,-2.102940082550048828e+00,4.111551940441131592e-01
9.028884768486022949e-01,-6.480265259742736816e-01,6.849063038825988770e-01,-1.202192157506942749e-02
-1.793706566095352173e-01,-2.172827273607254028e-01,-4.681680202484130859e-01,1.306266546249389648e+00
-1.214366674423217773e+00,9.297171235084533691e-01,-2.203587770462036133e+00,1.661198139190673828e+00
-9.567718952894210815e-03,-9.125150740146636963e-02,-9.599406719207763672e-01,1.174428701400756836e+00
-8.155913949012756348e-01,1.385062485933303833e-01,-1.982663571834564209e-02,9.486424922943115234e-01
-1.479262590408325195e+00,-5.049054697155952454e-02,-5.564415827393531799e-03,-3.659211695194244385e-01
1.516002655029296875e+00,-1.330694198608398438e+00,3.142898797988891602e+00,2.773360013961791992e-01
3.578794598579406738e-01,-4.193460047245025635e-01,-5.527061223983764648e-01,1.151511669158935547e+00
-1.323682665824890137e+00,-8.326549082994461060e-02,2.083297967910766602e+00,3.556683063507080078e-01
7.002918124198913574e-01,-5.308037996292114258e-01,-3.404889404773712158e-01,5.122811198234558105e-01
-6.090580224990844727e-01,9.235959649085998535e-01,-7.581306099891662598e-01,3.154431104660034180e+00
-1.565916776657104492e+00,-2.029542773962020874e-01,1.376501083374023438e+00,-6.953439116477966309e-01
2.913918197154998779e-01,4.534839987754821777e-01,-1.008773803710937500e+00,4.938964545726776123e-01
-8.627252280712127686e-02,9.555701017379760742e-01,-3.009684801101684570e+00,6.479596495628356934e-01
-4.047416746616363525e-01,1.343616366386413574e+00,-5.581921339035034180e-01,1.451243996620178223e+00
-1.942388564348220825e-01,-3.741334378719329834e-01,-1.731002330780029297e-01,-3.036131896078586578e-02
-2.483090013265609741e-01,-3.821847736835479736e-01,-2.244376420974731445e+00,-4.730757474899291992e-01
-8.520138263702392578e-01,-1.203577280044555664e+00,1.334974914789199829e-01,3.409534215927124023e+00
5.198125839233398438e-01,1.266219735145568848e+00,-7.180083394050598145e-01,1.164540052413940430e+00
9.415403008460998535e-02,3.452748358249664307e-01,-1.511739969253540039e+00,-8.728846311569213867e-01
-2.229748249053955078e+00,3.837426304817199707e-01,6.064512729644775391e-01,1.866960376501083374e-01
-1.937029004096984863e+00,-4.010547995567321777e-01,1.429112195968627930e+00,7.790146023035049438e-02
-1.015007972717285156e+00,-1.267907768487930298e-01,1.441861152648925781e+00,3.863365352153778076e-01
1.131401211023330688e-01,-5.267936587333679199e-01,-4.333013594150543213e-01,-5.845145583152770996e-01
5.098391771316528320e-01,4.024015963077545166e-01,5.742504000663757324e-01,1.381760835647583008e+00
-2.009297609329223633e-01,-2.774499952793121338e-01,-6.463511288166046143e-02,4.386785924434661865e-01
1.353200078010559082e+00,1.809957265853881836e+00,8.228751420974731445e-01,1.442097783088684082e+00
1.971996903419494629e+00,1.500285148620605469e+00,2.937419414520263672e+00,3.076550245285034180e+00
7.103553414344787598e-02,6.435909271240234375e-01,2.103902697563171387e-01,7.064184546470642090e-01
-2.997636795043945312e-01,-4.463097155094146729e-01,-1.095273971557617188e+00,9.860785007476806641e-01
-3.275493383407592773e-01,3.441121578216552734e-01,-8.290268778800964355e-01,2.000284433364868164e+00
8.923335671424865723e-01,-1.403960347175598145e+00,1.886267662048339844e-01,1.767141819000244141e+00
3.674934506416320801e-01,-2.481148242950439453e-01,-1.145772576332092285e+00,-3.218985497951507568e-01
-3.086496591567993164e-01,2.078632265329360962e-01,-1.385961651802062988e+00,-6.042791604995727539e-01
-1.303424358367919922e+00,8.804040402173995972e-02,1.088195204734802246e+00,-2.458742260932922363e-01
2.627494096755981445e+00,2.445394754409790039e+00,2.234674453735351562e+00,3.646929025650024414e+00
5.291991233825683594e-01,8.683680891990661621e-01,-7.198805809020996094e-01,6.585150957107543945e-01
1.610404491424560547e+00,-8.394686579704284668e-01,5.355143547058105469e-01,4.127379357814788818e-01
